#    
#    

#------------ Parameters ------------
calcul_type   : VAR_LAMBDA_ELLIPSO
calcul_method : RCWA
theta_i = 66.050003 deg
phi_i   = 0.000000 deg
psi     = 90.000000 deg
n_super = 1.000000 + i0.000000
n_sub   = 3.881500 + i0.019270
L       = 310.000000
h       = 171.350000
coef_h  = 1.000000
lambda  = 770.000000
N       = 5
NS      = 10
delta_h = 0.099622
Nstep   = 1720
N_x = 2048
Calcul_duration = 18.990000 s 

#------------ Results -------------
sum_eff           =  9.982613e-01
one_minus_sum_eff =  1.738667e-03
somm_eff_r        =  4.011492e-01
somm_eff_t        =  5.971121e-01

theta_r =  6.605000e+01 
phi_r = -0.000000e+00 
N_eff_r =  0.000000e+00 
eff_r =  4.011492e-01 
theta_t = -2.385725e+01  1.361764e+01  6.108145e+01 
phi _t =  0.000000e+00  0.000000e+00 -0.000000e+00 
N_eff_t = -1.000000e+00  0.000000e+00  1.000000e+00 
eff_t =  3.235654e-01  2.572642e-01  1.628261e-02 
Re_Exi =  0.000000e+00  0.000000e+00  0.000000e+00  0.000000e+00  0.000000e+00  4.059392e-01  0.000000e+00  0.000000e+00  0.000000e+00  0.000000e+00  0.000000e+00 
Im_Exi =  0.000000e+00  0.000000e+00  0.000000e+00  0.000000e+00  0.000000e+00  0.000000e+00  0.000000e+00  0.000000e+00  0.000000e+00  0.000000e+00  0.000000e+00 
Re_Eyi =  0.000000e+00  0.000000e+00  0.000000e+00  0.000000e+00  0.000000e+00  5.162937e-17  0.000000e+00  0.000000e+00  0.000000e+00  0.000000e+00  0.000000e+00 
Im_Eyi =  0.000000e+00  0.000000e+00  0.000000e+00  0.000000e+00  0.000000e+00 -3.291748e-17  0.000000e+00  0.000000e+00  0.000000e+00  0.000000e+00  0.000000e+00 
Re_Hpxi =  0.000000e+00  0.000000e+00  0.000000e+00  0.000000e+00  0.000000e+00  2.028228e-19  0.000000e+00  0.000000e+00  0.000000e+00  0.000000e+00  0.000000e+00 
Im_Hpxi =  0.000000e+00  0.000000e+00  0.000000e+00  0.000000e+00  0.000000e+00  0.000000e+00  0.000000e+00  0.000000e+00  0.000000e+00  0.000000e+00  0.000000e+00 
Re_Hpyi =  0.000000e+00  0.000000e+00  0.000000e+00  0.000000e+00  0.000000e+00 -6.880491e-03  0.000000e+00  0.000000e+00  0.000000e+00  0.000000e+00  0.000000e+00 
Im_Hpyi =  0.000000e+00  0.000000e+00  0.000000e+00  0.000000e+00  0.000000e+00  4.386814e-03  0.000000e+00  0.000000e+00  0.000000e+00  0.000000e+00  0.000000e+00 
Re_Exr =  2.286841e+05  2.214658e+04  8.804888e+01  3.132742e+01  7.809393e-01  1.521400e-01 -4.655015e+00  2.576181e+02 -8.575424e+01  1.947008e+04  3.582592e+06 
Im_Exr =  1.562271e+05  1.685370e+04  5.322504e+02  5.981114e+00  1.979806e+00 -2.072618e-01 -1.772355e+01 -4.470208e+02 -4.373098e+03 -3.732790e+05 -4.558237e+06 
Re_Eyr = -1.719722e-17 -1.851002e-17 -3.280586e-18  9.979990e-17  4.335320e-16 -4.567654e-18  5.208892e-17  1.085380e-17 -2.140471e-17  5.186114e-17  3.284736e-18 
Im_Eyr = -2.780624e-17  9.602189e-18 -9.345784e-18 -7.361941e-17  3.943630e-17 -2.563345e-16 -2.652405e-17  1.805146e-17  1.147432e-18 -7.196904e-18  2.572048e-18 
Re_Hpxr = -2.372339e-11  1.954925e-13 -4.128660e-15 -5.734331e-16  2.115481e-18  4.692330e-19 -6.587439e-17  2.824072e-15  8.594096e-15 -2.303987e-12  3.306049e-11 
Im_Hpxr =  1.467211e-11  3.768485e-13  1.449255e-15 -7.773571e-16 -2.325596e-17  7.078239e-19 -1.293666e-16 -1.698030e-15  1.603180e-13 -1.660261e-11 -4.222121e-11 
Re_Hpyr =  1.219271e-05  5.512058e-05  8.022337e-05  5.112931e-05  2.457468e-03  4.818496e-03 -4.751736e-04 -1.902578e-04 -3.887715e-05 -7.763857e-05 -2.361267e-05 
Im_Hpyr = -1.784760e-05 -7.243110e-05 -1.327116e-05 -2.678012e-04 -9.693543e-04 -1.868884e-03  1.248023e-04 -1.096456e-04  7.623612e-07 -4.049596e-06 -1.855861e-05 
Re_Ext = -2.532345e-03 -8.373681e-03 -1.695553e-03 -1.666512e-02 -1.418620e-01  2.913454e-02 -2.572545e-02  3.093521e-02 -1.229572e-04  1.311154e-02  4.050718e-03 
Im_Ext =  1.604299e-02  7.528918e-03  2.229839e-02  9.272857e-03  1.040343e-01  1.590606e-01 -1.272045e-02  1.370378e-02  1.305260e-02  3.617951e-03  1.535706e-02 
Re_Eyt = -8.665450e-18 -1.177361e-17  5.014502e-18  1.064623e-16 -1.814097e-16  1.911336e-16  2.705699e-17 -8.343478e-18  3.168339e-18  3.983135e-17  9.157720e-18 
Im_Eyt = -1.589538e-17  3.909901e-18 -1.330008e-17  2.896521e-17  1.249025e-16 -4.688804e-18  1.290008e-16  1.366439e-17 -1.547610e-18 -6.360809e-18  9.710340e-19 
Re_Hpxt =  1.404353e-18 -2.607117e-19  5.715301e-19 -2.213799e-19 -5.276289e-18  5.884337e-18  3.724192e-19 -4.938856e-19  9.384485e-20  5.282561e-19 -1.006338e-19 
Im_Hpxt = -7.667525e-19 -7.821129e-19  2.137205e-19  1.032673e-18  3.586806e-18 -1.134096e-19  1.984411e-18 -2.989758e-19  1.914618e-19  3.292528e-18  9.532458e-19 
Re_Hpyt = -1.817890e-04 -1.122529e-04 -5.205536e-04 -8.574214e-04  4.927381e-03 -9.252454e-04  1.694091e-03 -3.930498e-04 -2.165068e-04 -4.559636e-05 -1.484106e-04 
Im_Hpyt = -3.066706e-05 -1.276590e-04 -4.620269e-05 -1.805458e-03 -3.583318e-03 -5.188084e-03  8.139796e-04  8.553030e-04 -4.484698e-06  1.586292e-04  3.750151e-05 
var_lambda    =  2.100000e+02  2.200000e+02  2.300000e+02  2.400000e+02  2.500000e+02  2.600000e+02  2.700000e+02  2.800000e+02  2.900000e+02  3.000000e+02  3.100000e+02  3.200000e+02  3.300000e+02  3.400000e+02  3.500000e+02  3.600000e+02  3.700000e+02  3.800000e+02  3.900000e+02  4.000000e+02  4.100000e+02  4.200000e+02  4.300000e+02  4.400000e+02  4.500000e+02  4.600000e+02  4.700000e+02  4.800000e+02  4.900000e+02  5.000000e+02  5.100000e+02  5.200000e+02  5.300000e+02  5.400000e+02  5.500000e+02  5.600000e+02  5.700000e+02  5.800000e+02  5.900000e+02  6.000000e+02  6.100000e+02  6.200000e+02  6.300000e+02  6.400000e+02  6.500000e+02  6.600000e+02  6.700000e+02  6.800000e+02  6.900000e+02  7.000000e+02  7.100000e+02  7.200000e+02  7.300000e+02  7.400000e+02  7.500000e+02  7.600000e+02  7.700000e+02 
var_tan_Psi   =  1.959900e-01  1.833003e-01  1.817617e-01  1.797425e-01  1.808871e-01  1.875243e-01  1.972660e-01  2.036153e-01  2.021803e-01  2.497100e-01  2.708383e-01  2.746228e-01  2.754830e-01  2.807604e-01  3.021547e-01  3.507154e-01  4.228723e-01  4.906515e-01  5.317136e-01  5.534282e-01  5.479029e-01  5.158938e-01  4.860564e-01  4.879328e-01  4.997322e-01  4.927711e-01  4.661094e-01  4.346355e-01  4.137690e-01  4.115673e-01  4.798904e-01  5.497008e-01  5.915674e-01  6.180360e-01  6.370600e-01  6.501446e-01  6.557015e-01  6.527253e-01  6.471296e-01  7.228447e-01  7.381942e-01  7.461363e-01  7.535676e-01  7.624297e-01  7.733698e-01  7.865694e-01  8.020913e-01  8.201017e-01  8.410562e-01  8.658758e-01  8.960713e-01  9.336024e-01  9.798863e-01  1.033654e+00  1.099688e+00  1.144345e+00  1.134647e+00 
var_cos_delta =  8.677432e-01  9.028498e-01  4.321782e-01 -8.903811e-02 -5.293621e-01 -8.383641e-01 -9.861720e-01 -9.811093e-01 -9.002736e-01 -8.634540e-01 -6.606926e-01 -5.023953e-01 -3.980485e-01 -3.540731e-01 -3.549824e-01 -3.467247e-01 -2.693758e-01 -1.150295e-01  5.579712e-02  2.200917e-01  3.691122e-01  4.709567e-01  5.004501e-01  5.086825e-01  5.528960e-01  6.131310e-01  6.495254e-01  6.463275e-01  5.998647e-01  4.969925e-01  4.179364e-01  4.577160e-01  5.177247e-01  5.692040e-01  6.128682e-01  6.513910e-01  6.837943e-01  7.036491e-01  6.902331e-01  7.041481e-01  7.461750e-01  7.732307e-01  7.929166e-01  8.084208e-01  8.214990e-01  8.331782e-01  8.440432e-01  8.544101e-01  8.644747e-01  8.744777e-01  8.849140e-01  8.967799e-01  9.116231e-01  9.304087e-01  9.540395e-01  9.815613e-01  9.976638e-01 
var_i_effR_s  =  5.135510e-01  5.902830e-01  6.407735e-01  6.705961e-01  6.822773e-01  6.767117e-01  6.525890e-01  6.093266e-01  5.548148e-01  4.859712e-01  4.314602e-01  4.036194e-01  3.957332e-01  4.018225e-01  4.160881e-01  4.348723e-01  4.564835e-01  4.755379e-01  4.818160e-01  4.686654e-01  4.456610e-01  4.316180e-01  4.363551e-01  4.534706e-01  4.781600e-01  5.043024e-01  5.228605e-01  5.320586e-01  5.374018e-01  5.482623e-01  5.647336e-01  5.754795e-01  5.768210e-01  5.689831e-01  5.550083e-01  5.401407e-01  5.303831e-01  5.299751e-01  5.399100e-01  5.611130e-01  5.757493e-01  5.867941e-01  5.940250e-01  5.974852e-01  5.973326e-01  5.936796e-01  5.864937e-01  5.755200e-01  5.602118e-01  5.396977e-01  5.128982e-01  4.790406e-01  4.388705e-01  3.957913e-01  3.472033e-01  3.152509e-01  3.115904e-01 
var_i_effR_p  =  1.972657e-02  1.983293e-02  2.116945e-02  2.166519e-02  2.232420e-02  2.379682e-02  2.539476e-02  2.526219e-02  2.267909e-02  3.030276e-02  3.164907e-02  3.044005e-02  3.003254e-02  3.167421e-02  3.798779e-02  5.348987e-02  8.162881e-02  1.144805e-01  1.362187e-01  1.435442e-01  1.337864e-01  1.148736e-01  1.030893e-01  1.079616e-01  1.194120e-01  1.224564e-01  1.135956e-01  1.005101e-01  9.200575e-02  9.286888e-02  1.300552e-01  1.738932e-01  2.018597e-01  2.173336e-01  2.252476e-01  2.283110e-01  2.280353e-01  2.257960e-01  2.261018e-01  2.931840e-01  3.137435e-01  3.266796e-01  3.373255e-01  3.473176e-01  3.572652e-01  3.673045e-01  3.773210e-01  3.870756e-01  3.962801e-01  4.046334e-01  4.118284e-01  4.175383e-01  4.213934e-01  4.228793e-01  4.198779e-01  4.128287e-01  4.011492e-01 
var_i_delta_s = -1.415825e+02 -1.453895e+02 -1.492801e+02 -1.531316e+02 -1.568951e+02 -1.605624e+02 -1.640785e+02 -1.671713e+02 -1.694273e+02 -1.710200e+02 -1.698123e+02 -1.677770e+02 -1.656242e+02 -1.638879e+02 -1.627716e+02 -1.622512e+02 -1.623682e+02 -1.632580e+02 -1.647354e+02 -1.659789e+02 -1.661244e+02 -1.649348e+02 -1.634838e+02 -1.624750e+02 -1.621078e+02 -1.624871e+02 -1.633962e+02 -1.642741e+02 -1.648467e+02 -1.651391e+02 -1.659045e+02 -1.670769e+02 -1.683620e+02 -1.694887e+02 -1.702310e+02 -1.704522e+02 -1.701889e+02 -1.696802e+02 -1.692217e+02 -1.694288e+02 -1.701037e+02 -1.709676e+02 -1.719558e+02 -1.730192e+02 -1.741287e+02 -1.752699e+02 -1.764373e+02 -1.776295e+02 -1.788421e+02  1.799448e+02  1.787905e+02  1.778320e+02  1.773181e+02  1.775045e+02  1.789287e+02 -1.772196e+02 -1.725959e+02 
var_i_delta_p = -1.117800e+02 -1.708543e+02  1.463258e+02  1.117601e+02  8.114255e+01  5.246988e+01  2.546082e+01  1.674282e+00 -1.523322e+01 -2.131336e+01 -3.845956e+01 -4.761836e+01 -5.216793e+01 -5.315130e+01 -5.197928e+01 -5.196407e+01 -5.674106e+01 -6.665263e+01 -7.793403e+01 -8.869328e+01 -9.778527e+01 -1.030313e+02 -1.035136e+02 -1.030511e+02 -1.056738e+02 -1.103033e+02 -1.139020e+02 -1.145394e+02 -1.117069e+02 -1.049403e+02 -1.006089e+02 -1.043167e+02 -1.095417e+02 -1.141834e+02 -1.180281e+02 -1.210987e+02 -1.233298e+02 -1.244007e+02 -1.228702e+02 -1.241896e+02 -1.283638e+02 -1.316125e+02 -1.344147e+02 -1.369611e+02 -1.393638e+02 -1.416965e+02 -1.440068e+02 -1.463241e+02 -1.486649e+02 -1.510384e+02 -1.534504e+02 -1.559060e+02 -1.584126e+02 -1.609941e+02 -1.636329e+02 -1.661998e+02 -1.686786e+02 
var_i_delta   = -2.980256e+01  2.546478e+01  6.439412e+01  9.510827e+01  1.219624e+02  1.469678e+02  1.704606e+02 -1.688456e+02 -1.541940e+02 -1.497066e+02 -1.313527e+02 -1.201586e+02 -1.134562e+02 -1.107366e+02 -1.107924e+02 -1.102871e+02 -1.056271e+02 -9.660533e+01 -8.680140e+01 -7.728558e+01 -6.833913e+01 -6.190359e+01 -5.997022e+01 -5.942389e+01 -5.643408e+01 -5.218376e+01 -4.949417e+01 -4.973472e+01 -5.313979e+01 -6.019878e+01 -6.529563e+01 -6.276018e+01 -5.882025e+01 -5.530526e+01 -5.220282e+01 -4.935344e+01 -4.685914e+01 -4.527949e+01 -4.635144e+01 -4.523924e+01 -4.173988e+01 -3.935511e+01 -3.754108e+01 -3.605808e+01 -3.476487e+01 -3.357339e+01 -3.243043e+01 -3.130538e+01 -3.017722e+01 -2.901677e+01 -2.775906e+01 -2.626203e+01 -2.426937e+01 -2.150139e+01 -1.743844e+01 -1.101977e+01 -3.917242e+00 