#    
#    

#------------ Parameters ------------
calcul_type   : ELLIPSO
calcul_method : RCWA
theta_i = 66.050000 deg
phi_i   = 0.000000 deg
psi     = 90.000000 deg
n_super = 1.000000 + i0.000000
n_sub   = 3.807105 + i0.014110
L       = 310.000000
h       = 180.000000
coef_h  = 1.000000
lambda  = 680.000000
N       = 8
NS      = 4
delta_h = 0.100000
Nstep   = 1800
N_x = 2048
Calcul_duration = 0.370000 s 

#------------ Results -------------
sum_eff           =  9.795327e-01
one_minus_sum_eff =  2.046735e-02
somm_eff_r        =  4.134982e-01
somm_eff_t        =  5.660345e-01

theta_r =  6.605000e+01 
phi_r = -0.000000e+00 
N_eff_r =  0.000000e+00 
eff_r =  4.134982e-01 
theta_t = -6.581725e+01 -1.964029e+01  1.388926e+01  5.470574e+01 
phi _t = -0.000000e+00 -0.000000e+00  0.000000e+00 -0.000000e+00 
N_eff_t = -2.000000e+00 -1.000000e+00  0.000000e+00  1.000000e+00 
eff_t =  1.147922e-02  1.917607e-01  3.271949e-01  3.559968e-02 
Re_Exi =  0.000000e+00  0.000000e+00  0.000000e+00  0.000000e+00  0.000000e+00  0.000000e+00  0.000000e+00  0.000000e+00  4.059393e-01  0.000000e+00  0.000000e+00  0.000000e+00  0.000000e+00  0.000000e+00  0.000000e+00  0.000000e+00  0.000000e+00 
Im_Exi =  0.000000e+00  0.000000e+00  0.000000e+00  0.000000e+00  0.000000e+00  0.000000e+00  0.000000e+00  0.000000e+00  0.000000e+00  0.000000e+00  0.000000e+00  0.000000e+00  0.000000e+00  0.000000e+00  0.000000e+00  0.000000e+00  0.000000e+00 
Re_Eyi =  0.000000e+00  0.000000e+00  0.000000e+00  0.000000e+00  0.000000e+00  0.000000e+00  0.000000e+00  0.000000e+00  4.779694e-17  0.000000e+00  0.000000e+00  0.000000e+00  0.000000e+00  0.000000e+00  0.000000e+00  0.000000e+00  0.000000e+00 
Im_Eyi =  0.000000e+00  0.000000e+00  0.000000e+00  0.000000e+00  0.000000e+00  0.000000e+00  0.000000e+00  0.000000e+00 -3.827015e-17  0.000000e+00  0.000000e+00  0.000000e+00  0.000000e+00  0.000000e+00  0.000000e+00  0.000000e+00  0.000000e+00 
Re_Hpxi =  0.000000e+00  0.000000e+00  0.000000e+00  0.000000e+00  0.000000e+00  0.000000e+00  0.000000e+00  0.000000e+00  2.296670e-19  0.000000e+00  0.000000e+00  0.000000e+00  0.000000e+00  0.000000e+00  0.000000e+00  0.000000e+00  0.000000e+00 
Im_Hpxi =  0.000000e+00  0.000000e+00  0.000000e+00  0.000000e+00  0.000000e+00  0.000000e+00  0.000000e+00  0.000000e+00  0.000000e+00  0.000000e+00  0.000000e+00  0.000000e+00  0.000000e+00  0.000000e+00  0.000000e+00  0.000000e+00  0.000000e+00 
Re_Hpyi =  0.000000e+00  0.000000e+00  0.000000e+00  0.000000e+00  0.000000e+00  0.000000e+00  0.000000e+00  0.000000e+00 -7.212811e-03  0.000000e+00  0.000000e+00  0.000000e+00  0.000000e+00  0.000000e+00  0.000000e+00  0.000000e+00  0.000000e+00 
Im_Hpyi =  0.000000e+00  0.000000e+00  0.000000e+00  0.000000e+00  0.000000e+00  0.000000e+00  0.000000e+00  0.000000e+00  5.775167e-03  0.000000e+00  0.000000e+00  0.000000e+00  0.000000e+00  0.000000e+00  0.000000e+00  0.000000e+00  0.000000e+00 
Re_Exr =  4.792047e+10  9.389364e+08  9.341055e+06  1.114163e+06  1.520716e+04  4.714559e+02  3.345512e+01 -1.296202e-01  1.941238e-01 -1.006199e+01  5.809102e+02  2.256680e+03 -1.925566e+05  1.758770e+07 -2.244235e+08  2.401357e+09  4.540317e+11 
Im_Exr =  1.196928e+10  1.365699e+09  1.146190e+07  4.206354e+05  2.886654e+04  1.853528e+02  2.731450e+01  1.054847e+00 -1.745135e-01 -3.089490e+01 -8.475187e+02 -2.876163e+03 -8.869766e+05 -1.891966e+07 -3.133143e+08 -3.944856e+10 -4.753016e+11 
Re_Eyr =  9.496579e-18  2.631547e-17  1.198619e-17 -3.228866e-18  9.641691e-18  3.451274e-18 -6.083288e-19 -2.650999e-17 -2.397154e-17  6.425659e-19  1.430701e-18 -4.558924e-18 -1.811705e-17  1.385449e-17 -1.146628e-17  1.005038e-17 -6.518640e-18 
Im_Eyr = -1.646333e-17  2.486970e-17  3.431488e-18  4.439707e-18 -7.208657e-18  5.676147e-18  4.132954e-18  5.152589e-18  4.375996e-17  7.971121e-18  3.351524e-19 -6.398371e-18  9.452855e-18  1.158315e-17  8.764601e-18  4.839461e-18 -1.053793e-17 
Re_Hpxr = -2.489154e-06  8.429225e-08  2.539238e-10  6.906316e-12 -2.222843e-13  3.127068e-15  3.209112e-17  1.434367e-19 -3.240162e-20  2.890801e-17  9.282279e-17 -1.017690e-13  7.684960e-12  4.515345e-10  1.573311e-08  3.890130e-07 -3.716373e-05 
Im_Hpxr = -1.435824e-06 -8.919250e-08 -8.869558e-10  5.022757e-12 -2.973088e-13 -1.901354e-15  4.723486e-18  7.379796e-19 -1.843256e-19 -2.330325e-18 -3.962425e-16  7.251175e-14  1.472875e-11 -5.400758e-10  2.058282e-08 -8.078851e-07  2.298905e-05 
Re_Hpyr =  6.758897e-06  3.440168e-05  1.322445e-05  2.308637e-05  7.992491e-05  2.872482e-05  3.003385e-04  3.235165e-03  5.931978e-03 -7.273273e-04 -2.612636e-04 -1.543865e-05 -9.314842e-05 -4.143726e-05 -1.490183e-05 -4.189922e-05 -1.150660e-05 
Im_Hpyr = -2.706006e-05 -2.365162e-05 -1.077747e-05 -6.115031e-05 -4.210517e-05 -7.306331e-05 -3.678581e-04  3.975393e-04 -3.390545e-04  2.368793e-04 -1.790765e-04 -1.211339e-05  2.022189e-05 -3.852004e-05  1.067401e-05 -2.550536e-06 -1.099168e-05 
Re_Ext =  2.043633e-04 -4.968061e-03  5.441584e-03 -5.597585e-03 -1.285660e-03  6.501945e-03  1.185429e-02 -1.144708e-01 -4.269571e-02 -4.454792e-02  3.564752e-02  5.260755e-03  7.784990e-03  1.198481e-02 -1.097796e-03  7.849702e-03  4.412970e-03 
Im_Ext =  9.767297e-03  1.274089e-03  4.570118e-03  1.142910e-02 -1.604425e-03  1.763602e-02  1.900045e-02  7.844527e-02  1.790104e-01 -1.444680e-02  2.188177e-03  1.610557e-02 -2.988856e-03  9.806675e-03  4.716474e-03 -5.978087e-04  8.183894e-03 
Re_Eyt =  7.750223e-19 -1.879936e-18 -2.450469e-19  5.875506e-18 -1.066584e-18 -2.948511e-18 -2.246917e-18 -1.087823e-17 -1.155818e-17  4.904809e-20 -1.468187e-18  5.974185e-18 -2.387648e-18  1.864627e-18  2.402355e-18  1.152084e-17 -2.549250e-19 
Im_Eyt =  3.775277e-19 -7.578797e-18 -3.616484e-18 -1.798952e-17 -1.045760e-18  1.705194e-18  4.510385e-18 -4.336441e-18 -4.088639e-18 -5.812853e-18 -3.782819e-18 -5.119647e-18 -1.304736e-17  1.787925e-18  3.486721e-18 -3.385781e-19  2.680152e-18 
Re_Hpxt = -5.646297e-20  9.754270e-19  3.889763e-19  1.547042e-18  6.637219e-20 -6.648300e-20 -3.381243e-20 -3.598055e-19 -3.941511e-19  2.308579e-21  1.287362e-19  3.058430e-19  1.073878e-18 -1.858581e-19 -4.364729e-19  4.984436e-20 -4.473908e-19 
Im_Hpxt =  1.159725e-19 -2.422433e-19 -2.651129e-20  5.042131e-19 -6.784785e-20 -1.141535e-19  6.427702e-20 -1.451762e-19 -1.411752e-19 -1.181305e-19 -5.055076e-20  3.559627e-19 -1.972696e-19  1.939960e-19  3.009187e-19  1.683747e-18 -4.247968e-20 
Re_Hpyt = -8.079251e-05 -1.188172e-05 -5.306681e-05 -1.638434e-04  3.145923e-05 -5.648473e-04 -1.041619e-03  4.285033e-03  1.569741e-03  2.715447e-03 -9.414220e-05 -3.350609e-04  4.398386e-05 -1.178043e-04 -4.653021e-05  4.554709e-06 -6.091652e-05 
Im_Hpyt =  1.074836e-06 -4.785672e-05  6.219333e-05 -8.188324e-05 -2.477034e-05  2.015579e-04 -1.616245e-03 -2.916153e-03 -6.481436e-03  8.695535e-04  1.293247e-03  1.062274e-04  1.173929e-04  1.416893e-04 -1.120889e-05  6.650201e-05  3.225442e-05 
eff_r_TE   =  5.185755e-01 
eff_r_TM   =  4.134982e-01 
delta_r    =  3.716338e+01 
eff_t_TE   =  5.020087e-02  3.758559e-01  2.331705e-03  6.598798e-03 
eff_t_TM   =  1.147922e-02  1.917607e-01  3.271949e-01  3.559968e-02 
delta_t    =  nan  nan -8.066457e+01  nan 
spec_tan_Psi = 0.892958
spec_cos_delta = -0.796916