#    
#    

#------------ Parameters ------------
calcul_type   : VAR_LAMBDA_ELLIPSO
calcul_method : RCWA
theta_i = 66.050003 deg
phi_i   = 0.000000 deg
psi     = 90.000000 deg
n_super = 1.000000 + i0.000000
n_sub   = 3.713732 + i0.007156
L       = 310.000000
h       = 173.289529
coef_h  = 1.000000
lambda  = 770.000000
N       = 15
NS      = 10
delta_h = 0.099592
Nstep   = 1740
N_x = 2048
Calcul_duration = 102.280000 s 

#------------ Results -------------
sum_eff           =  9.988579e-01
one_minus_sum_eff =  1.142122e-03
somm_eff_r        =  3.783197e-01
somm_eff_t        =  6.205382e-01

theta_r =  6.605000e+01 
phi_r = -0.000000e+00 
N_eff_r =  0.000000e+00 
eff_r =  3.783197e-01 
theta_t = -2.500801e+01  1.424598e+01  6.619252e+01 
phi _t =  0.000000e+00  0.000000e+00 -0.000000e+00 
N_eff_t = -1.000000e+00  0.000000e+00  1.000000e+00 
eff_t =  3.126799e-01  2.891359e-01  1.872242e-02 
Re_Exi =  0.000000e+00  0.000000e+00  0.000000e+00  0.000000e+00  0.000000e+00  0.000000e+00  0.000000e+00  0.000000e+00  0.000000e+00  0.000000e+00  0.000000e+00  0.000000e+00  0.000000e+00  0.000000e+00  0.000000e+00  4.059392e-01  0.000000e+00  0.000000e+00  0.000000e+00  0.000000e+00  0.000000e+00  0.000000e+00  0.000000e+00  0.000000e+00  0.000000e+00  0.000000e+00  0.000000e+00  0.000000e+00  0.000000e+00  0.000000e+00  0.000000e+00 
Im_Exi =  0.000000e+00  0.000000e+00  0.000000e+00  0.000000e+00  0.000000e+00  0.000000e+00  0.000000e+00  0.000000e+00  0.000000e+00  0.000000e+00  0.000000e+00  0.000000e+00  0.000000e+00  0.000000e+00  0.000000e+00  0.000000e+00  0.000000e+00  0.000000e+00  0.000000e+00  0.000000e+00  0.000000e+00  0.000000e+00  0.000000e+00  0.000000e+00  0.000000e+00  0.000000e+00  0.000000e+00  0.000000e+00  0.000000e+00  0.000000e+00  0.000000e+00 
Re_Eyi =  0.000000e+00  0.000000e+00  0.000000e+00  0.000000e+00  0.000000e+00  0.000000e+00  0.000000e+00  0.000000e+00  0.000000e+00  0.000000e+00  0.000000e+00  0.000000e+00  0.000000e+00  0.000000e+00  0.000000e+00  5.141852e-17  0.000000e+00  0.000000e+00  0.000000e+00  0.000000e+00  0.000000e+00  0.000000e+00  0.000000e+00  0.000000e+00  0.000000e+00  0.000000e+00  0.000000e+00  0.000000e+00  0.000000e+00  0.000000e+00  0.000000e+00 
Im_Eyi =  0.000000e+00  0.000000e+00  0.000000e+00  0.000000e+00  0.000000e+00  0.000000e+00  0.000000e+00  0.000000e+00  0.000000e+00  0.000000e+00  0.000000e+00  0.000000e+00  0.000000e+00  0.000000e+00  0.000000e+00 -3.324959e-17  0.000000e+00  0.000000e+00  0.000000e+00  0.000000e+00  0.000000e+00  0.000000e+00  0.000000e+00  0.000000e+00  0.000000e+00  0.000000e+00  0.000000e+00  0.000000e+00  0.000000e+00  0.000000e+00  0.000000e+00 
Re_Hpxi =  0.000000e+00  0.000000e+00  0.000000e+00  0.000000e+00  0.000000e+00  0.000000e+00  0.000000e+00  0.000000e+00  0.000000e+00  0.000000e+00  0.000000e+00  0.000000e+00  0.000000e+00  0.000000e+00  0.000000e+00  2.028295e-19  0.000000e+00  0.000000e+00  0.000000e+00  0.000000e+00  0.000000e+00  0.000000e+00  0.000000e+00  0.000000e+00  0.000000e+00  0.000000e+00  0.000000e+00  0.000000e+00  0.000000e+00  0.000000e+00  0.000000e+00 
Im_Hpxi =  0.000000e+00  0.000000e+00  0.000000e+00  0.000000e+00  0.000000e+00  0.000000e+00  0.000000e+00  0.000000e+00  0.000000e+00  0.000000e+00  0.000000e+00  0.000000e+00  0.000000e+00  0.000000e+00  0.000000e+00  0.000000e+00  0.000000e+00  0.000000e+00  0.000000e+00  0.000000e+00  0.000000e+00  0.000000e+00  0.000000e+00  0.000000e+00  0.000000e+00  0.000000e+00  0.000000e+00  0.000000e+00  0.000000e+00  0.000000e+00  0.000000e+00 
Re_Hpyi =  0.000000e+00  0.000000e+00  0.000000e+00  0.000000e+00  0.000000e+00  0.000000e+00  0.000000e+00  0.000000e+00  0.000000e+00  0.000000e+00  0.000000e+00  0.000000e+00  0.000000e+00  0.000000e+00  0.000000e+00 -6.852165e-03  0.000000e+00  0.000000e+00  0.000000e+00  0.000000e+00  0.000000e+00  0.000000e+00  0.000000e+00  0.000000e+00  0.000000e+00  0.000000e+00  0.000000e+00  0.000000e+00  0.000000e+00  0.000000e+00  0.000000e+00 
Im_Hpyi =  0.000000e+00  0.000000e+00  0.000000e+00  0.000000e+00  0.000000e+00  0.000000e+00  0.000000e+00  0.000000e+00  0.000000e+00  0.000000e+00  0.000000e+00  0.000000e+00  0.000000e+00  0.000000e+00  0.000000e+00  4.430927e-03  0.000000e+00  0.000000e+00  0.000000e+00  0.000000e+00  0.000000e+00  0.000000e+00  0.000000e+00  0.000000e+00  0.000000e+00  0.000000e+00  0.000000e+00  0.000000e+00  0.000000e+00  0.000000e+00  0.000000e+00 
Re_Exr =  5.699329e+20  5.471162e+18  6.657944e+17  3.630810e+15  6.095936e+14  6.999820e+12  4.356822e+11  1.353563e+10  2.349907e+08  2.016831e+07  1.193551e+05  2.430058e+04  1.871216e+02  2.974407e+01  7.539284e-01  1.585783e-01 -4.265049e+00  3.524087e+02 -3.322335e+03  1.738179e+05  7.251406e+05  2.995484e+07  4.041846e+09 -6.060300e+10  5.513194e+12 -7.803380e+13  4.686450e+15 -2.601534e+16  2.047359e+18  6.204612e+19 -1.334428e+21 
Im_Exr =  7.674460e+20  6.651340e+18  4.580946e+17  1.247043e+16  2.177399e+14  1.763087e+13  9.028459e+10  1.925641e+10  1.326452e+08  1.655813e+07  3.512467e+05  1.106018e+04  7.207350e+02  4.798427e+00  2.032983e+00 -1.928600e-01 -2.254540e+01 -3.821239e+02 -7.111107e+03 -4.206835e+05 -3.291537e+06 -3.865100e+08 -3.701812e+09 -3.002272e+11 -6.281413e+12 -1.962359e+14 -9.293734e+15 -1.209848e+17 -1.124223e+19 -1.128897e+20 -1.167940e+22 
Re_Eyr = -8.949516e-18 -1.343796e-17  9.059117e-19  1.277220e-18 -2.560708e-18 -1.176458e-19  5.677537e-19 -7.636835e-19  1.276937e-18  3.964037e-18 -6.069759e-19  8.131429e-18  2.235140e-18  2.802689e-17  4.986651e-17  1.681954e-18  1.119436e-17 -4.984184e-18  6.140643e-18 -2.381430e-17  2.576783e-18 -5.354729e-19 -5.763137e-18 -8.139436e-18 -1.391112e-17  5.455859e-18  1.029930e-17  6.752774e-18  7.658275e-19 -7.362497e-18 -1.783119e-17 
Im_Eyr =  3.244576e-19 -5.569191e-19 -9.387510e-18  6.574995e-18  1.062866e-17  4.638263e-18  1.717117e-17  1.940864e-17 -1.204183e-17 -7.633532e-18 -1.820430e-17  6.050624e-18 -5.493024e-19  9.210407e-18  1.010575e-16  3.621638e-17  1.828698e-17  4.995015e-18 -2.776823e-20 -9.172662e-17 -2.894670e-17  5.498245e-19  6.872408e-18 -1.604266e-17 -1.585918e-17 -7.803365e-18  1.618824e-17 -1.520183e-18 -1.959737e-17  4.936343e-18  6.893777e-18 
Re_Hpxr =  1.967713e+03 -9.372128e+01 -4.359042e+01  8.368898e-01  3.679524e-02  4.326384e-04  4.265934e-05  1.265773e-06 -2.023237e-08 -3.221801e-10 -1.862046e-11  1.419667e-13 -2.687894e-16  7.634345e-17  5.525866e-18 -6.982040e-20  4.781218e-17  8.565218e-16 -2.371964e-16 -3.484048e-11 -4.592144e-10  3.500945e-10  1.708629e-07 -1.526200e-05 -5.684487e-04 -1.041017e-02  7.958634e-01 -2.731752e+00 -1.278381e+03  1.162083e+04  5.827206e+05 
Im_Hpxr =  5.427544e+04  2.261411e+03 -4.206554e+00 -1.625693e-01  8.864886e-03  1.097353e-05 -1.410504e-06  4.980515e-08 -2.145476e-09 -1.673058e-10  6.208517e-13 -1.907890e-13 -1.093718e-15 -2.323100e-16 -2.726722e-18 -9.771283e-20 -2.926818e-17  8.546646e-16 -5.245343e-14  9.045375e-12 -4.087844e-11  3.409562e-10  1.432841e-07  7.743362e-06  4.986236e-04 -7.278451e-03 -5.063448e-01 -1.213466e+01 -4.995668e+01  1.733233e+04  1.507244e+06 
Re_Hpyr =  8.426016e-06  2.631730e-06  6.568903e-06  6.523594e-06  4.187965e-06  1.258585e-05  2.419790e-06  1.966042e-05  5.256732e-06  2.612259e-05  2.286515e-05  3.138731e-05  9.807384e-05  3.854644e-05  2.475599e-03  4.781881e-03 -5.741688e-04 -1.483819e-04 -5.543135e-05 -7.374711e-05 -1.381531e-05 -4.041828e-05 -9.914107e-06 -2.101324e-05 -1.166877e-05 -9.794471e-06 -1.258722e-05 -4.482949e-06 -1.147541e-05 -3.193014e-06 -9.200170e-06 
Im_Hpyr = -6.257461e-06 -2.164770e-06 -9.547240e-06 -1.899367e-06 -1.172480e-05 -4.996840e-06 -1.167707e-05 -1.381961e-05 -9.312683e-06 -3.181813e-05 -7.769675e-06 -6.896178e-05 -2.546253e-05 -2.389383e-04 -9.180716e-04 -1.524513e-03  1.086190e-04 -1.368432e-04  2.589773e-05 -3.047082e-05 -3.043575e-06 -3.132450e-06 -1.082478e-05  4.241673e-06 -1.024167e-05  3.894801e-06 -6.347219e-06  9.639674e-07 -2.089825e-06 -1.754936e-06  1.051164e-06 
Re_Ext = -4.587080e-03 -6.670883e-04 -5.601586e-03 -1.458552e-03 -4.929230e-03 -3.449372e-03 -3.590270e-03 -5.869226e-03 -2.690999e-03 -7.872319e-03 -3.176746e-03 -9.584575e-03 -3.557291e-03 -2.240356e-02 -1.396951e-01  1.194796e-02 -2.373203e-02  3.234556e-02  1.541626e-03  1.756431e-02  4.847178e-04  1.062048e-02  2.605116e-03  4.919350e-03  5.237979e-03  8.587554e-04  6.574279e-03 -8.483146e-04  5.775097e-03 -2.566438e-04  2.622192e-03 
Im_Ext =  4.264962e-03  5.486484e-03  5.637969e-03  3.543428e-03  7.312137e-03  2.779886e-03  8.176136e-03  3.671938e-03  8.227899e-03  6.142990e-03  8.966743e-03  9.584028e-03  1.795131e-02  1.282545e-02  1.070481e-01  1.746141e-01 -1.621595e-02  2.129745e-02  8.065703e-03  1.027318e-02  1.157536e-02  4.352322e-03  1.250294e-02  2.295589e-03  1.100472e-02  3.176875e-03  7.855000e-03  5.569449e-03  4.470793e-03  7.875916e-03  2.304435e-03 
Re_Eyt =  3.538603e-18  4.616960e-19  4.004033e-18  5.470990e-18 -6.782042e-19  1.553740e-18  7.578842e-18  3.492626e-18 -1.647892e-18  8.123108e-18  6.536314e-18  2.201717e-17  5.228453e-18 -3.545317e-18 -4.612860e-17  3.324027e-17 -2.917382e-17 -4.634118e-18  5.554708e-19  1.763122e-17 -4.737285e-18 -8.529873e-18 -3.006842e-18  2.315148e-18  5.895838e-18  1.970962e-18  3.952968e-18 -4.077180e-18  8.342637e-19  7.126834e-18  4.656352e-18 
Im_Eyt =  3.452364e-18  3.122035e-18 -1.682262e-18 -7.832103e-18  3.413307e-19 -3.579982e-18 -1.728243e-18  9.649171e-19 -4.163186e-18 -1.343409e-17 -8.189510e-18 -1.008438e-17 -2.413275e-18  1.787426e-17 -6.677966e-17  7.254751e-17  4.097593e-17 -3.435063e-18  1.352214e-18 -1.023441e-17 -7.703309e-18  4.122055e-18  3.734425e-19  2.678058e-18  4.109967e-18 -1.552150e-18 -3.480765e-18  9.544555e-19  3.077956e-19 -1.594876e-18  5.269140e-18 
Re_Hpxt = -1.018479e-18 -8.574093e-19  4.277114e-19  1.831242e-18 -7.282952e-20  6.904484e-19  2.978770e-19 -1.463294e-19  5.451910e-19  1.478643e-18  7.278423e-19  6.771351e-19  1.061654e-19 -2.375533e-19 -1.262523e-18  9.719649e-19 -3.627939e-19  1.276225e-19 -8.269511e-20  8.517013e-19  8.048664e-19 -5.172711e-19 -5.464441e-20 -4.468761e-19 -7.703107e-19  3.227776e-19  7.950640e-19 -2.375348e-19 -8.286720e-20  4.619724e-19 -1.633432e-18 
Im_Hpxt =  1.043963e-18  1.268168e-19  1.017939e-18  1.279096e-18 -1.446940e-19  2.996209e-19  1.305917e-18  5.298146e-19 -2.158652e-19  8.937872e-19  5.806476e-19  1.476851e-18  2.294575e-19 -4.463967e-20 -1.836937e-18  2.132874e-18  4.970142e-19 -1.726314e-19  3.401574e-20  1.466395e-18 -4.951465e-19 -1.070095e-18 -4.396822e-19  3.863684e-19  1.105146e-18  4.098371e-19  9.028610e-19 -1.014555e-18  2.246240e-19  2.064157e-18  1.443522e-18 
Re_Hpyt = -1.322072e-05 -1.833729e-05 -2.028680e-05 -1.389532e-05 -3.139080e-05 -1.317273e-05 -4.349910e-05 -2.208987e-05 -5.762138e-05 -5.099513e-05 -9.253427e-05 -1.306301e-04 -3.751181e-04 -8.662779e-04  4.676654e-03 -3.637168e-04  1.791179e-03 -5.296056e-04 -1.211935e-04 -1.142116e-04 -1.017455e-04 -3.216610e-05 -7.858382e-05 -1.273889e-05 -5.401622e-05 -1.404455e-05 -3.168431e-05 -2.054162e-05 -1.532511e-05 -2.496869e-05 -6.856511e-06 
Im_Hpyt = -1.433016e-05 -2.301772e-06 -2.031295e-05 -5.782869e-06 -2.133924e-05 -1.647630e-05 -1.930455e-05 -3.561908e-05 -1.909825e-05 -6.589264e-05 -3.320845e-05 -1.317519e-04 -7.619673e-05 -1.563263e-03 -3.572533e-03 -5.460064e-03  1.203069e-03  7.954232e-04  2.262104e-05  1.934417e-04  3.851341e-06  7.761255e-05  1.605123e-05  2.702215e-05  2.545221e-05  3.737811e-06  2.630954e-05 -3.210461e-06  1.963823e-05 -9.104949e-07  7.741290e-06 
var_lambda    =  2.100000e+02  2.200000e+02  2.300000e+02  2.400000e+02  2.500000e+02  2.600000e+02  2.700000e+02  2.800000e+02  2.900000e+02  3.000000e+02  3.100000e+02  3.200000e+02  3.300000e+02  3.400000e+02  3.500000e+02  3.600000e+02  3.700000e+02  3.800000e+02  3.900000e+02  4.000000e+02  4.100000e+02  4.200000e+02  4.300000e+02  4.400000e+02  4.500000e+02  4.600000e+02  4.700000e+02  4.800000e+02  4.900000e+02  5.000000e+02  5.100000e+02  5.200000e+02  5.300000e+02  5.400000e+02  5.500000e+02  5.600000e+02  5.700000e+02  5.800000e+02  5.900000e+02  6.000000e+02  6.100000e+02  6.200000e+02  6.300000e+02  6.400000e+02  6.500000e+02  6.600000e+02  6.700000e+02  6.800000e+02  6.900000e+02  7.000000e+02  7.100000e+02  7.200000e+02  7.300000e+02  7.400000e+02  7.500000e+02  7.600000e+02  7.700000e+02 
var_tan_Psi   =  3.503834e-01  2.974295e-01  2.697631e-01  2.529520e-01  2.535256e-01  2.595231e-01  2.688021e-01  2.650252e-01  2.297585e-01  2.521034e-01  3.155132e-01  3.220728e-01  3.254762e-01  3.442994e-01  3.857449e-01  4.427244e-01  4.930524e-01  5.185055e-01  5.420186e-01  5.720020e-01  5.941237e-01  6.015183e-01  5.902368e-01  5.555532e-01  5.261682e-01  5.188634e-01  5.100011e-01  4.865151e-01  4.532387e-01  4.197837e-01  3.916518e-01  3.879826e-01  4.381007e-01  5.157406e-01  5.673372e-01  5.976440e-01  6.152060e-01  6.234104e-01  6.274524e-01  7.072069e-01  7.244792e-01  7.313036e-01  7.355642e-01  7.399802e-01  7.455746e-01  7.526748e-01  7.612053e-01  7.708991e-01  7.814609e-01  7.927149e-01  8.042942e-01  8.150977e-01  8.257114e-01  8.468010e-01  8.738296e-01  9.067126e-01  9.430711e-01 
var_cos_delta = -3.859406e-01 -9.435250e-01 -9.166769e-01 -5.584166e-01 -1.069193e-01  3.327635e-01  7.015651e-01  9.364241e-01  9.999108e-01  9.735692e-01  9.756207e-01  8.789804e-01  7.905913e-01  7.289696e-01  6.644332e-01  5.633041e-01  4.114992e-01  2.582821e-01  1.392654e-01  9.949561e-03 -1.292679e-01 -2.676613e-01 -3.965926e-01 -4.904455e-01 -5.288748e-01 -5.605986e-01 -6.102477e-01 -6.550627e-01 -6.764985e-01 -6.663139e-01 -6.162306e-01 -5.004255e-01 -3.935837e-01 -4.029391e-01 -4.628601e-01 -5.201711e-01 -5.663745e-01 -5.976670e-01 -5.944635e-01 -6.236956e-01 -6.828639e-01 -7.232800e-01 -7.532889e-01 -7.768937e-01 -7.964477e-01 -8.135069e-01 -8.290823e-01 -8.437688e-01 -8.577633e-01 -8.711641e-01 -8.841281e-01 -8.966319e-01 -9.049262e-01 -9.136221e-01 -9.243066e-01 -9.376238e-01 -9.543506e-01 
var_i_effR_s  =  5.398003e-01  6.102398e-01  6.708621e-01  7.128416e-01  7.381216e-01  7.369440e-01  7.002910e-01  6.275398e-01  5.412257e-01  4.497058e-01  4.063062e-01  4.027256e-01  4.163407e-01  4.376601e-01  4.612234e-01  4.824944e-01  4.989429e-01  5.104677e-01  5.165540e-01  5.174868e-01  5.084737e-01  4.896699e-01  4.676411e-01  4.612080e-01  4.740645e-01  4.950196e-01  5.159354e-01  5.341049e-01  5.487712e-01  5.596675e-01  5.669922e-01  5.734568e-01  5.808849e-01  5.816690e-01  5.749428e-01  5.633846e-01  5.508021e-01  5.414304e-01  5.387467e-01  5.492947e-01  5.600095e-01  5.707632e-01  5.799960e-01  5.872848e-01  5.923427e-01  5.951101e-01  5.958141e-01  5.946836e-01  5.919357e-01  5.875150e-01  5.816450e-01  5.757123e-01  5.647241e-01  5.387715e-01  5.059311e-01  4.669986e-01  4.253731e-01 
var_i_effR_p  =  6.627050e-02  5.398445e-02  4.882007e-02  4.561095e-02  4.744292e-02  4.963482e-02  5.059922e-02  4.407737e-02  2.857074e-02  2.858157e-02  4.044721e-02  4.177507e-02  4.410495e-02  5.188113e-02  6.862963e-02  9.457129e-02  1.212934e-01  1.372382e-01  1.517554e-01  1.693146e-01  1.794826e-01  1.771745e-01  1.629166e-01  1.423470e-01  1.312462e-01  1.332688e-01  1.341954e-01  1.264210e-01  1.127315e-01  9.862369e-02  8.697157e-02  8.632272e-02  1.114905e-01  1.547172e-01  1.850577e-01  2.012288e-01  2.084667e-01  2.104218e-01  2.121027e-01  2.747251e-01  2.939323e-01  3.052470e-01  3.138096e-01  3.215799e-01  3.292723e-01  3.371414e-01  3.452346e-01  3.534117e-01  3.614840e-01  3.691926e-01  3.762598e-01  3.824942e-01  3.850285e-01  3.863379e-01  3.863179e-01  3.839325e-01  3.783197e-01 
var_i_delta_s = -1.438487e+02 -1.465586e+02 -1.499360e+02 -1.536930e+02 -1.577734e+02 -1.621905e+02 -1.666490e+02 -1.703217e+02 -1.722911e+02 -1.723816e+02 -1.688045e+02 -1.657060e+02 -1.636485e+02 -1.625564e+02 -1.622778e+02 -1.626092e+02 -1.632937e+02 -1.641676e+02 -1.651292e+02 -1.662147e+02 -1.672448e+02 -1.678518e+02 -1.674012e+02 -1.659843e+02 -1.647817e+02 -1.643411e+02 -1.644710e+02 -1.649366e+02 -1.655950e+02 -1.663402e+02 -1.670829e+02 -1.677570e+02 -1.685776e+02 -1.696191e+02 -1.705273e+02 -1.711423e+02 -1.713657e+02 -1.712040e+02 -1.707468e+02 -1.704443e+02 -1.705471e+02 -1.708795e+02 -1.713912e+02 -1.720190e+02 -1.727224e+02 -1.734666e+02 -1.742320e+02 -1.750098e+02 -1.758102e+02 -1.766380e+02 -1.774883e+02 -1.783987e+02 -1.798862e+02  1.788569e+02  1.779095e+02  1.774490e+02  1.778269e+02 
var_i_delta_p = -7.655083e+01 -1.272108e+02 -1.734910e+02  1.502534e+02  1.183643e+02  8.837291e+01  5.879825e+01  3.021887e+01  6.943464e+00  2.082081e+01 -1.481988e+00 -1.418641e+01 -2.140773e+01 -2.575632e+01 -3.063895e+01 -3.832458e+01 -4.899462e+01 -5.919941e+01 -6.712382e+01 -7.564467e+01 -8.467204e+01 -9.337691e+01 -1.007666e+02 -1.053542e+02 -1.067112e+02 -1.084383e+02 -1.120785e+02 -1.158610e+02 -1.181656e+02 -1.181234e+02 -1.151243e+02 -1.077851e+02 -1.017552e+02 -1.033812e+02 -1.080991e+02 -1.124860e+02 -1.158635e+02 -1.179070e+02 -1.172212e+02 -1.190308e+02 -1.236150e+02 -1.272054e+02 -1.302673e+02 -1.329960e+02 -1.355146e+02 -1.379066e+02 -1.402366e+02 -1.425501e+02 -1.448766e+02 -1.472322e+02 -1.496327e+02 -1.521176e+02 -1.546995e+02 -1.571539e+02 -1.596546e+02 -1.622072e+02 -1.647942e+02 
var_i_delta   =  1.127021e+02  1.606522e+02 -1.564450e+02 -1.239464e+02 -9.613776e+01 -7.056340e+01 -4.544730e+01 -2.054055e+01  7.654160e-01 -1.320244e+01  1.267753e+01  2.848038e+01  3.775919e+01  4.319992e+01  4.836115e+01  5.571539e+01  6.570095e+01  7.503185e+01  8.199466e+01  8.942992e+01  9.742729e+01  1.055251e+02  1.133653e+02  1.193699e+02  1.219295e+02  1.240972e+02  1.276074e+02  1.309244e+02  1.325706e+02  1.317832e+02  1.280414e+02  1.200282e+02  1.131777e+02  1.137620e+02  1.175718e+02  1.213437e+02  1.244978e+02  1.267030e+02  1.264744e+02  1.285865e+02  1.330678e+02  1.363259e+02  1.388761e+02  1.409770e+02  1.427922e+02  1.444400e+02  1.460046e+02  1.475403e+02  1.490664e+02  1.505942e+02  1.521444e+02  1.537188e+02  1.548133e+02  1.560108e+02  1.575640e+02  1.596563e+02  1.626211e+02 
Nb_lambda = 57