#    
#    

#------------ Parameters ------------
calcul_type   : ELLIPSO
calcul_method : RCWA
theta_i = 30.000000 deg
phi_i   = 0.000000 deg
psi     = 90.000000 deg
n_super = 1.000000 + i0.000000
n_sub   = 1.500000 + i0.000000
L       = 3.100000
h       = 10.000000
coef_h  = 1.000000
lambda  = 1.000000
N       = 8
NS      = 100
delta_h = 0.095238
Nstep   = 105
N_x = 256
Calcul_duration = 8.960000 s 

#------------ Results -------------
sum_eff           =  1.000000e-00
one_minus_sum_eff =  6.883383e-14
somm_eff_r        =  1.858521e-02
somm_eff_t        =  9.814148e-01

theta_r = -5.221567109146e+01 -2.788782216763e+01 -8.346620412575e+00  1.021947988565e+01  3.000000000000e+01  5.534396788167e+01 
phi_r = -0.000000000000e+00 -0.000000000000e+00 -0.000000000000e+00 -0.000000000000e+00 -0.000000000000e+00 -0.000000000000e+00 
N_eff_r = -4.000000000000e+00 -3.000000000000e+00 -2.000000000000e+00 -1.000000000000e+00  0.000000000000e+00  1.000000000000e+00 
eff_r =  6.697266450738e-04  1.095550421464e-04  3.187101966628e-04  2.429717313164e-03  1.429051717247e-02  7.669831285391e-04 
theta_t = -7.313466458681e+01 -4.789655395607e+01 -3.179500812527e+01 -1.816942744558e+01 -5.553444957354e+00  6.792821674187e+00  1.947122063449e+01  3.325643173927e+01  4.976848395442e+01  7.809601570890e+01 
phi _t =  0.000000000000e+00  0.000000000000e+00 -0.000000000000e+00  0.000000000000e+00  0.000000000000e+00  0.000000000000e+00  0.000000000000e+00  0.000000000000e+00 -0.000000000000e+00  0.000000000000e+00 
N_eff_t = -6.000000000000e+00 -5.000000000000e+00 -4.000000000000e+00 -3.000000000000e+00 -2.000000000000e+00 -1.000000000000e+00  0.000000000000e+00  1.000000000000e+00  2.000000000000e+00  3.000000000000e+00 
eff_t =  1.173952639272e-03  4.180004284433e-02  1.833531588049e-01  6.719084454003e-02  2.452823310208e-02  2.048962322607e-01  2.590136004586e-01  1.241945285640e-01  6.886695867443e-02  6.397238613547e-03 
Re_Exi =  0.000000000000e+00  0.000000000000e+00  0.000000000000e+00  0.000000000000e+00  0.000000000000e+00  0.000000000000e+00  0.000000000000e+00  0.000000000000e+00  8.660254037844e-01  0.000000000000e+00  0.000000000000e+00  0.000000000000e+00  0.000000000000e+00  0.000000000000e+00  0.000000000000e+00  0.000000000000e+00  0.000000000000e+00 
Im_Exi =  0.000000000000e+00  0.000000000000e+00  0.000000000000e+00  0.000000000000e+00  0.000000000000e+00  0.000000000000e+00  0.000000000000e+00  0.000000000000e+00  0.000000000000e+00  0.000000000000e+00  0.000000000000e+00  0.000000000000e+00  0.000000000000e+00  0.000000000000e+00  0.000000000000e+00  0.000000000000e+00  0.000000000000e+00 
Re_Eyi =  0.000000000000e+00  0.000000000000e+00  0.000000000000e+00  0.000000000000e+00  0.000000000000e+00  0.000000000000e+00  0.000000000000e+00  0.000000000000e+00 -3.272628374521e-17 -0.000000000000e+00  0.000000000000e+00  0.000000000000e+00  0.000000000000e+00  0.000000000000e+00  0.000000000000e+00  0.000000000000e+00  0.000000000000e+00 
Im_Eyi =  0.000000000000e+00  0.000000000000e+00  0.000000000000e+00  0.000000000000e+00  0.000000000000e+00  0.000000000000e+00  0.000000000000e+00  0.000000000000e+00  5.175076962503e-17  0.000000000000e+00  0.000000000000e+00  0.000000000000e+00  0.000000000000e+00  0.000000000000e+00  0.000000000000e+00  0.000000000000e+00  0.000000000000e+00 
Re_Hpxi =  0.000000000000e+00  0.000000000000e+00  0.000000000000e+00  0.000000000000e+00  0.000000000000e+00  0.000000000000e+00  0.000000000000e+00  0.000000000000e+00  3.331785339000e-16  0.000000000000e+00  0.000000000000e+00  0.000000000000e+00  0.000000000000e+00  0.000000000000e+00  0.000000000000e+00  0.000000000000e+00  0.000000000000e+00 
Im_Hpxi =  0.000000000000e+00  0.000000000000e+00  0.000000000000e+00  0.000000000000e+00  0.000000000000e+00  0.000000000000e+00  0.000000000000e+00  0.000000000000e+00  0.000000000000e+00  0.000000000000e+00  0.000000000000e+00  0.000000000000e+00  0.000000000000e+00  0.000000000000e+00  0.000000000000e+00  0.000000000000e+00  0.000000000000e+00 
Re_Hpyi =  0.000000000000e+00  0.000000000000e+00  0.000000000000e+00  0.000000000000e+00  0.000000000000e+00  0.000000000000e+00  0.000000000000e+00  0.000000000000e+00  3.358226985262e+00 -0.000000000000e+00  0.000000000000e+00  0.000000000000e+00  0.000000000000e+00  0.000000000000e+00  0.000000000000e+00  0.000000000000e+00  0.000000000000e+00 
Im_Hpyi =  0.000000000000e+00  0.000000000000e+00  0.000000000000e+00  0.000000000000e+00  0.000000000000e+00  0.000000000000e+00  0.000000000000e+00  0.000000000000e+00 -5.310435869099e+00  0.000000000000e+00  0.000000000000e+00  0.000000000000e+00  0.000000000000e+00  0.000000000000e+00  0.000000000000e+00  0.000000000000e+00  0.000000000000e+00 
Re_Exr = -2.554654569797e+47 -2.366349072536e+37 -9.745240967860e+25 -1.487868949170e+11  1.878211357197e-02 -7.220838006221e-03  1.583107335014e-02  1.509220571498e-02  5.398275911716e-02 -4.118829052814e-03 -3.494443529813e+12 -1.177567749276e+27  1.888787693839e+38 -1.921003662325e+48 -1.293176044855e+57  3.703549479719e+66 -4.987016770904e+76 
Im_Exr = -1.280983694028e+47 -1.742578336449e+37  8.465528170185e+24 -5.005637270050e+11  1.610315599956e-03  5.631905689845e-03  4.739697667608e-03 -4.293064039138e-02  8.833883402814e-02 -1.899333654114e-02 -2.977334303829e+13  4.491063784028e+27  7.049786027595e+37  1.538365139424e+49  2.912997603928e+57  2.533144304719e+68  7.125052920131e+76 
Re_Eyr = -8.262139779237e-17  1.217556573006e-16 -1.586023327573e-17  1.775622130547e-16  7.428024191417e-17 -3.005064953522e-16  2.188098179430e-17  1.591380908295e-16 -1.577500310100e-16  2.765434770957e-16  5.852865521711e-17  1.280516078679e-16  3.484912636710e-17 -8.272191622188e-17  2.439647649404e-17 -5.910742345090e-17  1.471847030610e-16 
Im_Eyr =  4.004143288018e-17  6.933869211279e-17 -3.209371328935e-17  1.187468362527e-16  2.146426061392e-16 -4.351586249663e-16 -5.243483800117e-16 -1.273417706623e-16  6.133681759333e-17  1.372464141621e-16 -8.349453312693e-17  2.546869376258e-17 -9.047269238709e-17 -4.465643254830e-17 -8.747942524254e-17  8.729741292189e-17  9.453151128739e-17 
Re_Hpxr =  2.818847144696e+34  1.802587484606e+24 -2.628719396332e+12  7.751003074022e-03 -7.910074937421e-16 -1.169107365051e-15 -2.119734858670e-15 -1.195543957527e-15 -1.766996446594e-16  8.357712120638e-16 -4.939436157974e-01  3.566021123828e+13 -2.809835654007e+25 -3.217969465649e+35 -4.835504423336e+45  1.944687421800e+55  5.614274747173e+64 
Im_Hpxr =  5.816402523724e+34 -3.165263395407e+24  1.299073823786e+12 -1.159007938779e-02 -3.726208914476e-16  2.694154331240e-15  2.480071193638e-15 -3.987727794246e-16  9.038745063061e-16 -7.198819018478e-16 -3.462484848170e-01 -1.792925631969e+14 -1.082319042284e+25  5.960991179806e+35 -1.348537323761e+45  1.316710989165e+55 -8.741374704706e+64 
Re_Hpyr = -7.183588096827e-03 -2.646252866826e-02  4.080275943240e-03 -3.027493718905e-01  1.227372899385e-01  6.847856950890e-03  9.766546251521e-02 -1.778441664657e-01  3.323590199473e-01 -1.756884554833e-01 -1.986863364856e-01  1.266285750716e-01  8.961325825008e-03  8.427936863616e-02  2.080482179594e-03  4.489223583864e-02  4.736208033719e-03 
Im_Hpyr =  1.432616687055e-02  3.593501586775e-02  4.697081089669e-02  8.998881970769e-02  1.493571958684e-01  6.473693597763e-02 -3.840040427657e-02 -2.297410381234e-01 -6.735758951868e-01  1.234808311280e-01  2.331945667309e-02  3.320231760488e-02 -2.400929882482e-02  1.052422286878e-02  9.235948950908e-04 -6.563408818594e-04  3.314999784480e-03 
Re_Ext =  4.729022737129e-03 -1.133234957987e-02  1.317760246841e-02 -5.526162516855e-02 -2.380192652365e-01  8.071770490737e-02 -8.831916225487e-02  5.362259182328e-02  3.921826518973e-02  2.424821785759e-01 -8.865665986143e-02 -2.140912154910e-02 -2.311701854545e-03  6.524300217491e-03 -7.187450508697e-03  5.936116044421e-03 -7.385470929437e-03 
Im_Ext =  7.406085915704e-03 -8.650111478168e-03 -4.794901236107e-03  1.145723075028e-01 -1.825389710483e-01 -1.741925584032e-01  7.933876198125e-02 -3.385130837628e-01  3.734314847478e-01 -3.410026790882e-02  1.334927922421e-01 -1.742139923568e-02  1.603776534339e-02 -1.154466590421e-02  7.321389919903e-03 -7.710922876432e-03  5.574351884326e-03 
Re_Eyt = -8.166095432222e-17  6.136205820123e-18  5.881575655586e-16 -5.207257792261e-16  1.788563528434e-16 -1.003492572831e-15  1.985016169798e-16 -8.145270633028e-16  1.556998419661e-17  3.693962267440e-16 -2.759286606813e-16 -8.978320818220e-16  1.769195728626e-17  1.534072765325e-16  2.868893915806e-17  7.625984713192e-18 -7.630124578433e-17 
Im_Eyt = -5.252606615468e-17 -5.041880502592e-17  5.686467256862e-16  1.153397373277e-16 -4.777632475375e-16  5.060710838033e-16  1.030144430099e-15 -2.021821732141e-16  1.605170723512e-15  2.408163476267e-16  1.127580959239e-15  4.672888847244e-16 -2.080728768744e-16  2.826980797147e-17 -1.076922847169e-16  8.949026273342e-17 -4.756947288646e-17 
Re_Hpxt =  4.758727400003e-16  2.904801540738e-16  1.608227041585e-15 -3.290488382561e-15  1.432725700732e-15 -8.986120555810e-15  1.862052647652e-15 -7.622848591600e-15  1.383512342690e-16  2.911297066754e-15 -1.679647878427e-15 -1.745448381077e-15  1.277776861023e-15 -2.643180766003e-16  1.298319848700e-15 -1.301407311382e-15  8.042456868391e-16 
Im_Hpxt = -7.398273834161e-16  3.535280162118e-17  1.554877629584e-15  7.288367138045e-16 -3.827114176993e-15  4.531788168633e-15  9.663312534751e-15 -1.892145962692e-15  1.426317124064e-14  1.897929311979e-15  6.863871847398e-15  9.084422843104e-16  1.086464222833e-16  1.434332921910e-15  3.458689658685e-16  1.109004707227e-16 -1.290006890952e-15 
Re_Hpyt = -7.261311197975e-02  1.333644386502e-01 -4.280800456390e-01  7.768096720396e-01  2.639342093247e+00 -8.006689400719e-01  8.363138489558e-01 -5.089537063357e-01 -3.920448628701e-01 -2.732926880300e+00  1.293695856816e+00  9.782035007357e-01 -2.319778730640e-01  1.096780239241e-01 -5.394344592492e-02  4.709894238166e-02 -2.928709080662e-02 
Im_Hpyt =  4.636579449312e-02 -1.747182616226e-01  1.557644150298e-01 -1.610536721362e+00  2.024133590476e+00  1.727880782353e+00 -7.512764354858e-01  3.212964587613e+00 -3.733002837354e+00  3.843314974353e-01 -1.947953740963e+00  7.960006056752e-01 -3.343755616156e-02  6.198294184334e-02 -5.295659049656e-02  3.625827829268e-02 -3.880253027590e-02 
eff_r_TE   =  2.138075618460e-03  7.448419086577e-03  1.763920591231e-03  1.485516595609e-02  1.295858080015e-03  2.586505067893e-02 
eff_r_TM   =  6.697266450738e-04  1.095550421464e-04  3.187101966628e-04  2.429717313164e-03  1.429051717247e-02  7.669831285391e-04 
delta_r    =  nan  nan  nan  nan  1.629919206867e+02  nan 
eff_t_TE   =  6.707364107019e-03  2.185292985488e-02  1.151640677829e-01  3.839329294086e-01  6.405734797093e-02  1.075997749287e-01  2.263555828009e-01  8.109524522374e-03  1.123726884427e-02  1.616719768213e-03 
eff_t_TM   =  1.173952639272e-03  4.180004284433e-02  1.833531588049e-01  6.719084454003e-02  2.452823310208e-02  2.048962322607e-01  2.590136004586e-01  1.241945285640e-01  6.886695867443e-02  6.397238613547e-03 
delta_t    =  nan  nan  nan  nan  nan  nan  3.649508460116e+01  nan  nan  nan 
spec_tan_Psi =  3.320819362341e+00
spec_cos_delta =  9.562635189407e-01