#    
#    

#------------ Parameters ------------
calcul_type   : ELLIPSO
calcul_method : RCWA
theta_i = 30.000000 deg
phi_i   = 0.000000 deg
psi     = 90.000000 deg
n_super = 1.000000 + i0.000000
n_sub   = 1.500000 + i0.000000
L       = 3.100000
h       = 10.000000
coef_h  = 1.000000
lambda  = 1.000000
N       = 8
NS      = 105
delta_h = 0.095238
Nstep   = 105
N_x = 2048
Calcul_duration = 4.550000 s 

#------------ Results -------------
sum_eff           =  1.000000e+00
one_minus_sum_eff = -5.995204e-15
somm_eff_r        =  7.443888e-04
somm_eff_t        =  9.992556e-01

theta_r = -5.221567109146e+01 -2.788782216763e+01 -8.346620412575e+00  1.021947988565e+01  3.000000000000e+01  5.534396788167e+01 
phi_r = -0.000000000000e+00 -0.000000000000e+00 -0.000000000000e+00 -0.000000000000e+00 -0.000000000000e+00 -0.000000000000e+00 
N_eff_r = -4.000000000000e+00 -3.000000000000e+00 -2.000000000000e+00 -1.000000000000e+00  0.000000000000e+00  1.000000000000e+00 
eff_r =  4.428630611463e-04  1.328593059516e-04  1.017111399312e-04  3.484477008679e-05  2.330124222946e-05  8.809292102313e-06 
theta_t = -7.313466458681e+01 -4.789655395607e+01 -3.179500812527e+01 -1.816942744558e+01 -5.553444957354e+00  6.792821674187e+00  1.947122063449e+01  3.325643173927e+01  4.976848395442e+01  7.809601570890e+01 
phi _t =  0.000000000000e+00  0.000000000000e+00 -0.000000000000e+00  0.000000000000e+00  0.000000000000e+00  0.000000000000e+00  0.000000000000e+00  0.000000000000e+00 -0.000000000000e+00  0.000000000000e+00 
N_eff_t = -6.000000000000e+00 -5.000000000000e+00 -4.000000000000e+00 -3.000000000000e+00 -2.000000000000e+00 -1.000000000000e+00  0.000000000000e+00  1.000000000000e+00  2.000000000000e+00  3.000000000000e+00 
eff_t =  3.278887742799e-04  1.343893462215e-02  2.340275225441e-03  8.390703625273e-02  7.359385347112e-02  2.881287999256e-01  4.278811390870e-01  8.434511701275e-02  2.458650035604e-02  7.060664614295e-04 
Re_Exi =  0.000000000000e+00  0.000000000000e+00  0.000000000000e+00  0.000000000000e+00  0.000000000000e+00  0.000000000000e+00  0.000000000000e+00  0.000000000000e+00  8.660254037844e-01  0.000000000000e+00  0.000000000000e+00  0.000000000000e+00  0.000000000000e+00  0.000000000000e+00  0.000000000000e+00  0.000000000000e+00  0.000000000000e+00 
Im_Exi =  0.000000000000e+00  0.000000000000e+00  0.000000000000e+00  0.000000000000e+00  0.000000000000e+00  0.000000000000e+00  0.000000000000e+00  0.000000000000e+00  0.000000000000e+00  0.000000000000e+00  0.000000000000e+00  0.000000000000e+00  0.000000000000e+00  0.000000000000e+00  0.000000000000e+00  0.000000000000e+00  0.000000000000e+00 
Re_Eyi =  0.000000000000e+00  0.000000000000e+00  0.000000000000e+00  0.000000000000e+00  0.000000000000e+00  0.000000000000e+00  0.000000000000e+00  0.000000000000e+00 -3.272736460289e-17 -0.000000000000e+00  0.000000000000e+00  0.000000000000e+00  0.000000000000e+00  0.000000000000e+00  0.000000000000e+00  0.000000000000e+00  0.000000000000e+00 
Im_Eyi =  0.000000000000e+00  0.000000000000e+00  0.000000000000e+00  0.000000000000e+00  0.000000000000e+00  0.000000000000e+00  0.000000000000e+00  0.000000000000e+00  5.175247880831e-17  0.000000000000e+00  0.000000000000e+00  0.000000000000e+00  0.000000000000e+00  0.000000000000e+00  0.000000000000e+00  0.000000000000e+00  0.000000000000e+00 
Re_Hpxi =  0.000000000000e+00  0.000000000000e+00  0.000000000000e+00  0.000000000000e+00  0.000000000000e+00  0.000000000000e+00  0.000000000000e+00  0.000000000000e+00  3.331895378557e-16  0.000000000000e+00  0.000000000000e+00  0.000000000000e+00  0.000000000000e+00  0.000000000000e+00  0.000000000000e+00  0.000000000000e+00  0.000000000000e+00 
Im_Hpxi =  0.000000000000e+00  0.000000000000e+00  0.000000000000e+00  0.000000000000e+00  0.000000000000e+00  0.000000000000e+00  0.000000000000e+00  0.000000000000e+00  0.000000000000e+00  0.000000000000e+00  0.000000000000e+00  0.000000000000e+00  0.000000000000e+00  0.000000000000e+00  0.000000000000e+00  0.000000000000e+00  0.000000000000e+00 
Re_Hpyi =  0.000000000000e+00  0.000000000000e+00  0.000000000000e+00  0.000000000000e+00  0.000000000000e+00  0.000000000000e+00  0.000000000000e+00  0.000000000000e+00  3.358226985262e+00 -0.000000000000e+00  0.000000000000e+00  0.000000000000e+00  0.000000000000e+00  0.000000000000e+00  0.000000000000e+00  0.000000000000e+00  0.000000000000e+00 
Im_Hpyi =  0.000000000000e+00  0.000000000000e+00  0.000000000000e+00  0.000000000000e+00  0.000000000000e+00  0.000000000000e+00  0.000000000000e+00  0.000000000000e+00 -5.310435869099e+00  0.000000000000e+00  0.000000000000e+00  0.000000000000e+00  0.000000000000e+00  0.000000000000e+00  0.000000000000e+00  0.000000000000e+00  0.000000000000e+00 
Re_Exr =  2.875572462023e+47 -3.609295734834e+37 -9.311914228230e+25  2.964282234710e+11  4.564566774697e-03  7.258421070768e-03 -9.220832657107e-03 -4.026766975158e-03  1.117583288487e-03  6.440923923136e-04  1.685480144952e+12 -2.828509995544e+27  4.833839035308e+38  2.983101965692e+48 -5.730449347585e+58 -1.016940495750e+67  4.112930885852e+77 
Im_Exr = -7.480821273128e+47 -1.678051362807e+37  1.632108012067e+26  2.036932147644e+11 -1.463388128656e-02 -7.000887528280e-03 -1.458658974263e-03  3.671902058639e-03  4.028267526541e-03  1.980758513451e-03 -2.897377109550e+13  2.322468556723e+27  2.835450265855e+38 -9.233854171548e+48 -9.418389975729e+57  1.878201203570e+68 -1.154613357295e+76 
Re_Eyr =  1.348461197377e-17 -4.331640849542e-17  4.616239336537e-18  1.607464201230e-17 -1.382169599657e-15 -2.613992493892e-16  6.088381462126e-17 -7.700104773912e-16  1.759418753651e-15 -3.100162849332e-16 -1.676655598749e-17 -5.865504690367e-18 -4.350847630564e-17 -1.281293074295e-16  1.174190347885e-18  1.391054390636e-17 -1.166763653252e-16 
Im_Eyr = -5.438460002421e-17  7.823859918814e-17 -3.637177647566e-17  1.753198033846e-16  1.195020936661e-15 -1.122420020602e-16  2.685625887892e-16  2.659854526311e-16  5.240012224606e-16 -4.450309496668e-16  6.294677971892e-17 -2.519457583139e-17 -3.518409888003e-17 -6.624611034362e-19  7.802893552464e-18 -4.060754847501e-17  4.583990840150e-17 
Re_Hpxr = -3.828581133757e+34  2.033957021863e+24 -2.979125333321e+12  1.144370981033e-02  4.252523078822e-16  2.383166959472e-16  7.331689162505e-16  3.966501017865e-15  7.526802088699e-15 -1.895518562728e-15  3.723855779863e-01 -3.527640265268e+13 -1.092722377093e+25 -4.773734670212e+33  4.313120048874e+44 -9.045971250044e+54  2.722455577473e+64 
Im_Hpxr = -9.492932002046e+33  1.126090115817e+24 -3.781051376842e+11 -1.049245635362e-03 -7.021012558835e-15  1.561767915810e-15 -1.546975962845e-15  3.105247637102e-15 -6.567560298553e-15  4.027727700339e-16  9.918892864929e-02  8.212636981994e+12  1.351254889730e+25  9.233075179414e+35 -6.490443444609e+43 -3.098792834707e+54  6.929468941270e+64 
Re_Hpyr = -4.195146191372e-02 -2.548263189452e-02  7.866551176170e-02  1.231970866073e-01  1.400819636934e-01 -1.496733270211e-02 -5.178008492390e-02  5.726630131204e-03  2.036748336541e-02  1.740085972943e-02 -1.933505560909e-01  6.548356873318e-02  3.604278710513e-02 -5.058769077073e-02 -6.726676492472e-03  3.328537234379e-02 -7.675015357724e-04 
Im_Hpyr = -1.612583220696e-02  5.481021418521e-02  4.488223161879e-02 -1.792847815870e-01 -7.134171576826e-02 -7.010840980018e-02  2.887012371555e-02  3.431805614037e-02 -2.247357988383e-02 -1.506181591011e-02 -1.124770821970e-02  7.975174870271e-02 -6.144527849708e-02 -1.634293080380e-02  4.092724873045e-02  1.802216023937e-03 -2.733972157409e-02 
Re_Ext =  1.095672110112e-03 -4.676309035469e-03 -7.169604319534e-03 -7.212462307392e-02  3.800148391342e-03  5.177288609719e-02 -1.678672301024e-01  3.556611171414e-01 -1.070204063820e-01  9.675381700918e-02  5.462884102133e-03 -7.684323935842e-03  5.874644281617e-03 -5.336812303230e-03 -3.327768870381e-03  6.104712731808e-03  1.630537966862e-03 
Im_Ext =  4.990776599312e-03  2.879234296708e-03 -1.875911053255e-03  4.546463003439e-04  3.367433241446e-02 -2.082014501784e-01  1.187880218415e-01 -1.966943819934e-01  4.705907181651e-01 -1.770877110548e-01  9.559500911646e-02 -5.003754352929e-03  3.376724744979e-03  4.571542847577e-03 -5.991664636552e-03 -2.360239918487e-03  5.958568622817e-03 
Re_Eyt = -8.169370849239e-17  4.899364738541e-17 -4.334722618085e-16  3.409534691577e-17 -8.631631981553e-17  1.846814108897e-17 -5.286842804337e-16  8.179010108612e-16 -2.284746019125e-16 -5.503520638394e-17 -2.163312457137e-16 -1.506401834122e-15 -7.571410595666e-17 -2.166289968710e-16  3.230250021214e-17  6.835551874636e-17  5.149919999023e-17 
Im_Eyt =  3.495277556872e-17  4.539282301475e-17 -1.209192481079e-15 -6.353970597455e-16  5.602136096524e-16  1.377708806987e-16  2.803315909725e-16  1.162504183133e-15 -6.356879469052e-16  4.014281945728e-16 -3.597664168135e-16  7.084058529531e-17  6.691676517411e-17  2.747440590984e-17  1.205246200312e-16 -2.638291108908e-17 -3.030704944137e-17 
Re_Hpxt = -3.166632169164e-16 -2.615237353680e-16 -1.185263701497e-15  2.154499496693e-16 -6.914353771967e-16  1.653793428675e-16 -4.959344811048e-15  7.654424081908e-15 -2.030171821279e-15 -4.337451855587e-16 -1.316863268220e-15 -2.928550556228e-15 -4.109362807803e-16 -2.568811975361e-16 -1.453024298396e-15  3.836720592626e-16  5.123940274095e-16 
Im_Hpxt = -7.401241278297e-16  2.822693285539e-16 -3.306352175722e-15 -4.015101089317e-15  4.487581367331e-15  1.233716896923e-15  2.629662111236e-15  1.087943393703e-14 -5.648574266596e-15  3.163748410949e-15 -2.189989605422e-15  1.377190539542e-16 -4.649608065106e-16 -2.025445657310e-15  3.894334426862e-16  9.940564386858e-16  8.706846419481e-16 
Re_Hpyt = -4.893216527550e-02 -4.439104243825e-02  2.329076591646e-01  1.013851920300e+00 -4.213899072365e-02 -5.135545154990e-01  1.589572248380e+00 -3.375723507830e+00  1.069828059486e+00 -1.090476458225e+00 -7.971550631662e-02  3.511042037660e-01 -4.884255427678e-02 -4.343112134786e-02  4.414613083828e-02  1.441653686714e-02 -3.130572736619e-02 
Im_Hpyt =  1.074253830298e-02 -7.209772163565e-02  6.093977195145e-02 -6.390938420413e-03 -3.734070975942e-01  2.065227630383e+00 -1.124830277142e+00  1.866905931382e+00 -4.704253813331e+00  1.995890042538e+00 -1.394941648146e+00  2.286263830877e-01  8.497365164522e-02 -5.070142629751e-02 -2.451874877228e-02  3.728808053454e-02  8.566684430781e-03 
eff_r_TE   =  7.680550691395e-04  3.389495468536e-04  2.689409205331e-04  2.155947396325e-04  3.176532688855e-04  8.460412502525e-04 
eff_r_TM   =  4.428630611463e-04  1.328593059516e-04  1.017111399312e-04  3.484477008679e-05  2.330124222946e-05  8.809292102313e-06 
delta_r    =  nan  nan  nan  nan  1.350275879782e+02  nan 
eff_t_TE   =  1.838759097900e-03  2.143656224241e-02  2.505952139450e-03  3.906776254326e-02  4.521641286464e-02  4.194208126115e-01  3.980468187511e-01  3.733603350923e-02  3.014025675568e-02  2.235394689490e-03 
eff_t_TM   =  3.278887742799e-04  1.343893462215e-02  2.340275225441e-03  8.390703625273e-02  7.359385347112e-02  2.881287999256e-01  4.278811390870e-01  8.434511701275e-02  2.458650035604e-02  7.060664614295e-04 
delta_t    =  nan  nan  nan  nan  nan  nan -7.368064550230e+01  nan  nan  nan 
spec_tan_Psi =  2.708400422441e-01
spec_cos_delta =  7.074471718651e-01