#    
#    

#------------ Parameters ------------
calcul_type   : ELLIPSO
calcul_method : RCWA
theta_i = 30.000000 deg
phi_i   = 0.000000 deg
psi     = 90.000000 deg
n_super = 1.000000 + i0.000000
n_sub   = 1.500000 + i0.000000
L       = 3.100000
h       = 10.000000
coef_h  = 1.000000
lambda  = 1.000000
N       = 8
NS      = 105
delta_h = 0.095238
Nstep   = 105
N_x = 2048
Calcul_duration = 2.790000 s 

#------------ Results -------------
sum_eff           =  1.000000e+00
one_minus_sum_eff = -7.327472e-15
somm_eff_r        =  7.443888e-04
somm_eff_t        =  9.992556e-01

theta_r = -5.221567109146e+01 -2.788782216763e+01 -8.346620412575e+00  1.021947988565e+01  3.000000000000e+01  5.534396788167e+01 
phi_r = -0.000000000000e+00 -0.000000000000e+00 -0.000000000000e+00 -0.000000000000e+00 -0.000000000000e+00 -0.000000000000e+00 
N_eff_r = -4.000000000000e+00 -3.000000000000e+00 -2.000000000000e+00 -1.000000000000e+00  0.000000000000e+00  1.000000000000e+00 
eff_r =  4.428630611465e-04  1.328593059515e-04  1.017111399314e-04  3.484477008681e-05  2.330124222936e-05  8.809292102324e-06 
theta_t = -7.313466458681e+01 -4.789655395607e+01 -3.179500812527e+01 -1.816942744558e+01 -5.553444957354e+00  6.792821674187e+00  1.947122063449e+01  3.325643173927e+01  4.976848395442e+01  7.809601570890e+01 
phi _t =  0.000000000000e+00  0.000000000000e+00 -0.000000000000e+00  0.000000000000e+00  0.000000000000e+00  0.000000000000e+00  0.000000000000e+00  0.000000000000e+00 -0.000000000000e+00  0.000000000000e+00 
N_eff_t = -6.000000000000e+00 -5.000000000000e+00 -4.000000000000e+00 -3.000000000000e+00 -2.000000000000e+00 -1.000000000000e+00  0.000000000000e+00  1.000000000000e+00  2.000000000000e+00  3.000000000000e+00 
eff_t =  3.278887742799e-04  1.343893462215e-02  2.340275225442e-03  8.390703625273e-02  7.359385347113e-02  2.881287999256e-01  4.278811390870e-01  8.434511701275e-02  2.458650035604e-02  7.060664614295e-04 
Re_Exi =  0.000000000000e+00  0.000000000000e+00  0.000000000000e+00  0.000000000000e+00  0.000000000000e+00  0.000000000000e+00  0.000000000000e+00  0.000000000000e+00  8.660254037844e-01  0.000000000000e+00  0.000000000000e+00  0.000000000000e+00  0.000000000000e+00  0.000000000000e+00  0.000000000000e+00  0.000000000000e+00  0.000000000000e+00 
Im_Exi =  0.000000000000e+00  0.000000000000e+00  0.000000000000e+00  0.000000000000e+00  0.000000000000e+00  0.000000000000e+00  0.000000000000e+00  0.000000000000e+00  0.000000000000e+00  0.000000000000e+00  0.000000000000e+00  0.000000000000e+00  0.000000000000e+00  0.000000000000e+00  0.000000000000e+00  0.000000000000e+00  0.000000000000e+00 
Re_Eyi =  0.000000000000e+00  0.000000000000e+00  0.000000000000e+00  0.000000000000e+00  0.000000000000e+00  0.000000000000e+00  0.000000000000e+00  0.000000000000e+00 -3.272736460289e-17 -0.000000000000e+00  0.000000000000e+00  0.000000000000e+00  0.000000000000e+00  0.000000000000e+00  0.000000000000e+00  0.000000000000e+00  0.000000000000e+00 
Im_Eyi =  0.000000000000e+00  0.000000000000e+00  0.000000000000e+00  0.000000000000e+00  0.000000000000e+00  0.000000000000e+00  0.000000000000e+00  0.000000000000e+00  5.175247880831e-17  0.000000000000e+00  0.000000000000e+00  0.000000000000e+00  0.000000000000e+00  0.000000000000e+00  0.000000000000e+00  0.000000000000e+00  0.000000000000e+00 
Re_Hpxi =  0.000000000000e+00  0.000000000000e+00  0.000000000000e+00  0.000000000000e+00  0.000000000000e+00  0.000000000000e+00  0.000000000000e+00  0.000000000000e+00  3.331895378557e-16  0.000000000000e+00  0.000000000000e+00  0.000000000000e+00  0.000000000000e+00  0.000000000000e+00  0.000000000000e+00  0.000000000000e+00  0.000000000000e+00 
Im_Hpxi =  0.000000000000e+00  0.000000000000e+00  0.000000000000e+00  0.000000000000e+00  0.000000000000e+00  0.000000000000e+00  0.000000000000e+00  0.000000000000e+00  0.000000000000e+00  0.000000000000e+00  0.000000000000e+00  0.000000000000e+00  0.000000000000e+00  0.000000000000e+00  0.000000000000e+00  0.000000000000e+00  0.000000000000e+00 
Re_Hpyi =  0.000000000000e+00  0.000000000000e+00  0.000000000000e+00  0.000000000000e+00  0.000000000000e+00  0.000000000000e+00  0.000000000000e+00  0.000000000000e+00  3.358226985262e+00 -0.000000000000e+00  0.000000000000e+00  0.000000000000e+00  0.000000000000e+00  0.000000000000e+00  0.000000000000e+00  0.000000000000e+00  0.000000000000e+00 
Im_Hpyi =  0.000000000000e+00  0.000000000000e+00  0.000000000000e+00  0.000000000000e+00  0.000000000000e+00  0.000000000000e+00  0.000000000000e+00  0.000000000000e+00 -5.310435869099e+00  0.000000000000e+00  0.000000000000e+00  0.000000000000e+00  0.000000000000e+00  0.000000000000e+00  0.000000000000e+00  0.000000000000e+00  0.000000000000e+00 
Re_Exr =  2.875572462023e+47 -3.609295734834e+37 -9.311914228230e+25  2.964282234710e+11  4.564566774695e-03  7.258421070769e-03 -9.220832657115e-03 -4.026766975156e-03  1.117583288484e-03  6.440923923127e-04  1.685480144953e+12 -2.828509995544e+27  4.833839035308e+38  2.983101965692e+48 -5.730449347585e+58 -1.016940495752e+67  4.112930885851e+77 
Im_Exr = -7.480821273128e+47 -1.678051362807e+37  1.632108012067e+26  2.036932147645e+11 -1.463388128656e-02 -7.000887528276e-03 -1.458658974268e-03  3.671902058643e-03  4.028267526533e-03  1.980758513453e-03 -2.897377109550e+13  2.322468556723e+27  2.835450265855e+38 -9.233854171548e+48 -9.418389975728e+57  1.878201203570e+68 -1.154613357297e+76 
Re_Eyr =  1.939531370546e-16  9.343783856471e-17  2.719833770372e-16  4.327177749780e-16  1.622519757470e-15  3.464106076014e-16 -1.838237177621e-15 -6.126233267005e-16  8.593180706003e-16  5.454222940896e-16 -2.641294507377e-16  1.968488208639e-16  2.888377001033e-17 -5.845321824929e-17 -1.162646672566e-16  2.208185110270e-17 -1.627741936772e-17 
Im_Eyr =  1.037816515153e-17  5.477508733680e-18  4.724643664820e-17  9.568408434749e-17  1.037891671218e-15 -7.270090638909e-16  7.347306263333e-16  2.758010374920e-16  9.567695800862e-16 -4.100697579085e-16  2.432222880294e-16  1.991229541999e-16 -3.474364380765e-17  2.794021871742e-17 -2.614150289038e-17  9.850791922712e-17  2.975428659458e-17 
Re_Hpxr =  7.306047536339e+33  1.423979655412e+23  3.869842772787e+12  6.245620138748e-03 -7.222332779776e-15 -4.444147383274e-15  1.180927516226e-14  3.489031188960e-15  6.899320096748e-15 -5.927883614303e-16  1.438873802781e+00  2.788037217517e+14 -1.079043041001e+25  2.013389013979e+35 -1.444995237550e+45  2.194419113428e+55  1.767122280953e+64 
Im_Hpxr = -1.365396308936e+35 -2.429089347566e+24 -2.227750875231e+13 -2.824493611688e-02  1.678178193793e-15  5.013993935994e-16  3.463332198307e-15  2.255051889232e-15 -1.169397638328e-15 -2.364930342536e-15  1.562558062785e+00 -2.756195743469e+14 -8.970513052704e+24  4.212174165317e+35  6.426634734262e+45 -4.919080262768e+54  9.667242516364e+63 
Re_Hpyr = -4.195146191372e-02 -2.548263189452e-02  7.866551176170e-02  1.231970866073e-01  1.400819636934e-01 -1.496733270208e-02 -5.178008492396e-02  5.726630131235e-03  2.036748336537e-02  1.740085972945e-02 -1.933505560909e-01  6.548356873318e-02  3.604278710513e-02 -5.058769077073e-02 -6.726676492471e-03  3.328537234379e-02 -7.675015357735e-04 
Im_Hpyr = -1.612583220696e-02  5.481021418521e-02  4.488223161879e-02 -1.792847815870e-01 -7.134171576830e-02 -7.010840980017e-02  2.887012371556e-02  3.431805614038e-02 -2.247357988377e-02 -1.506181591011e-02 -1.124770821970e-02  7.975174870271e-02 -6.144527849708e-02 -1.634293080380e-02  4.092724873045e-02  1.802216023939e-03 -2.733972157408e-02 
Re_Ext =  1.095672110112e-03 -4.676309035469e-03 -7.169604319533e-03 -7.212462307393e-02  3.800148391341e-03  5.177288609718e-02 -1.678672301024e-01  3.556611171414e-01 -1.070204063820e-01  9.675381700918e-02  5.462884102140e-03 -7.684323935842e-03  5.874644281617e-03 -5.336812303230e-03 -3.327768870381e-03  6.104712731808e-03  1.630537966862e-03 
Im_Ext =  4.990776599312e-03  2.879234296708e-03 -1.875911053256e-03  4.546463003469e-04  3.367433241446e-02 -2.082014501784e-01  1.187880218415e-01 -1.966943819934e-01  4.705907181651e-01 -1.770877110548e-01  9.559500911646e-02 -5.003754352929e-03  3.376724744979e-03  4.571542847577e-03 -5.991664636553e-03 -2.360239918487e-03  5.958568622817e-03 
Re_Eyt = -3.687655160019e-17 -2.946542199680e-16  3.735973674251e-16 -8.955426313639e-16  3.195181253219e-16 -9.129709519429e-17 -2.374636485412e-16 -1.271570654192e-15  2.084743775746e-16  2.015355223669e-16  1.140119470923e-16  1.061149736760e-15 -3.925587261889e-17  2.598973739927e-17 -1.668260117744e-16 -1.169729809484e-16 -4.887530486475e-18 
Im_Eyt =  1.353842687847e-16  5.320164156931e-17  8.695717749279e-17 -5.337214099605e-16 -6.223407077545e-17  4.412176470914e-16 -1.506930175173e-15 -8.459187149890e-17  6.463195722159e-16  4.877904820300e-16 -3.978260375798e-16  1.242869834100e-15  3.174796567466e-16  4.345938829969e-17  1.844337722424e-17 -4.108556754166e-17  1.323570745221e-17 
Re_Hpxt = -1.226546887212e-15 -3.065130367943e-16  1.021544946697e-15 -5.658972038931e-15  2.559494380382e-15 -8.175513461916e-16 -2.227537600020e-15 -1.190014550422e-14  1.852454510339e-15  1.588348046446e-15  6.940196954389e-16  2.062949328286e-15 -1.949644592464e-15 -4.063381660461e-16 -2.223502156188e-16  5.974846464613e-16 -2.237729363979e-16 
Im_Hpxt = -3.340921362751e-16 -1.697604756218e-15  2.377711220479e-16 -3.372608326803e-15 -4.985249405104e-16  3.951035688215e-15 -1.413582098323e-14 -7.916631104944e-16  5.743044399991e-15  3.844389565214e-15 -2.421668188995e-15  2.416225910993e-15 -2.410705635698e-16  2.429997900111e-16 -2.011225993909e-15 -1.701073256359e-15 -8.263230753943e-17 
Re_Hpyt = -4.893216527550e-02 -4.439104243824e-02  2.329076591646e-01  1.013851920300e+00 -4.213899072365e-02 -5.135545154989e-01  1.589572248380e+00 -3.375723507830e+00  1.069828059487e+00 -1.090476458225e+00 -7.971550631673e-02  3.511042037660e-01 -4.884255427679e-02 -4.343112134786e-02  4.414613083828e-02  1.441653686714e-02 -3.130572736619e-02 
Im_Hpyt =  1.074253830298e-02 -7.209772163565e-02  6.093977195149e-02 -6.390938420455e-03 -3.734070975942e-01  2.065227630383e+00 -1.124830277143e+00  1.866905931382e+00 -4.704253813331e+00  1.995890042538e+00 -1.394941648146e+00  2.286263830877e-01  8.497365164522e-02 -5.070142629751e-02 -2.451874877228e-02  3.728808053455e-02  8.566684430780e-03 
eff_r_TE   =  7.680550691393e-04  3.389495468539e-04  2.689409205331e-04  2.155947396327e-04  3.176532688855e-04  8.460412502525e-04 
eff_r_TM   =  4.428630611465e-04  1.328593059515e-04  1.017111399314e-04  3.484477008681e-05  2.330124222936e-05  8.809292102324e-06 
delta_r    =  nan  nan  nan  nan  1.350275879783e+02  nan 
eff_t_TE   =  1.838759097900e-03  2.143656224241e-02  2.505952139450e-03  3.906776254326e-02  4.521641286464e-02  4.194208126115e-01  3.980468187511e-01  3.733603350923e-02  3.014025675569e-02  2.235394689490e-03 
eff_t_TM   =  3.278887742799e-04  1.343893462215e-02  2.340275225442e-03  8.390703625273e-02  7.359385347113e-02  2.881287999256e-01  4.278811390870e-01  8.434511701275e-02  2.458650035604e-02  7.060664614295e-04 
delta_t    =  nan  nan  nan  nan  nan  nan -7.368064550230e+01  nan  nan  nan 
spec_tan_Psi =  2.708400422435e-01
spec_cos_delta =  7.074471718654e-01