#    
#    

#------------ Parameters ------------
calcul_type   : STD
calcul_method : RCWA
theta_i = 0.000000 deg
phi_i   = 0.000000 deg
psi     = 0.000000 deg
n_super = 1.000000 + i0.000000
n_sub   = 1.300000 + i7.100000
L       = 0.833333
h       = 0.800000
coef_h  = 1.000000
lambda  = 0.600000
N       = 50
NS      = 50
delta_h = 0.016000
Nstep   = 50
N_x = 256

#------------ Efficiencies -------------
sum_eff           =  8.091389e-01
one_minus_sum_eff =  1.908611e-01
somm_eff_r        =  8.088903e-01
somm_eff_t        =  2.486468e-04

theta_r = -8.038024e-01  nan  8.038024e-01 
phi_r = -0.000000e+00  nan  0.000000e+00 
N_eff_r = -1.000000e+00  0.000000e+00  1.000000e+00 
eff_r =  3.129390e-01  1.830123e-01  3.129390e-01 
theta_t =  nan 
phi _t =  nan 
N_eff_t = -2.147484e+09 
eff_t =  2.486468e-04 
Re_Exi =  0.000000e+00  0.000000e+00  0.000000e+00  0.000000e+00  0.000000e+00  0.000000e+00  0.000000e+00  0.000000e+00  0.000000e+00  0.000000e+00  0.000000e+00  0.000000e+00  0.000000e+00  0.000000e+00  0.000000e+00  0.000000e+00  0.000000e+00  0.000000e+00  0.000000e+00  0.000000e+00  0.000000e+00  0.000000e+00  0.000000e+00  0.000000e+00  0.000000e+00  0.000000e+00  0.000000e+00  0.000000e+00  0.000000e+00  0.000000e+00  0.000000e+00  0.000000e+00  0.000000e+00  0.000000e+00  0.000000e+00  0.000000e+00  0.000000e+00  0.000000e+00  0.000000e+00  0.000000e+00  0.000000e+00  0.000000e+00  0.000000e+00  0.000000e+00  0.000000e+00  0.000000e+00  0.000000e+00  0.000000e+00  0.000000e+00  0.000000e+00  0.000000e+00  0.000000e+00  0.000000e+00  0.000000e+00  0.000000e+00  0.000000e+00  0.000000e+00  0.000000e+00  0.000000e+00  0.000000e+00  0.000000e+00  0.000000e+00  0.000000e+00  0.000000e+00  0.000000e+00  0.000000e+00  0.000000e+00  0.000000e+00  0.000000e+00  0.000000e+00  0.000000e+00  0.000000e+00  0.000000e+00  0.000000e+00  0.000000e+00  0.000000e+00  0.000000e+00  0.000000e+00  0.000000e+00  0.000000e+00  0.000000e+00  0.000000e+00  0.000000e+00  0.000000e+00  0.000000e+00  0.000000e+00  0.000000e+00  0.000000e+00  0.000000e+00  0.000000e+00  0.000000e+00  0.000000e+00  0.000000e+00  0.000000e+00  0.000000e+00  0.000000e+00  0.000000e+00  0.000000e+00  0.000000e+00  0.000000e+00  0.000000e+00 
Im_Exi =  0.000000e+00  0.000000e+00  0.000000e+00  0.000000e+00  0.000000e+00  0.000000e+00  0.000000e+00  0.000000e+00  0.000000e+00  0.000000e+00  0.000000e+00  0.000000e+00  0.000000e+00  0.000000e+00  0.000000e+00  0.000000e+00  0.000000e+00  0.000000e+00  0.000000e+00  0.000000e+00  0.000000e+00  0.000000e+00  0.000000e+00  0.000000e+00  0.000000e+00  0.000000e+00  0.000000e+00  0.000000e+00  0.000000e+00  0.000000e+00  0.000000e+00  0.000000e+00  0.000000e+00  0.000000e+00  0.000000e+00  0.000000e+00  0.000000e+00  0.000000e+00  0.000000e+00  0.000000e+00  0.000000e+00  0.000000e+00  0.000000e+00  0.000000e+00  0.000000e+00  0.000000e+00  0.000000e+00  0.000000e+00  0.000000e+00  0.000000e+00  0.000000e+00  0.000000e+00  0.000000e+00  0.000000e+00  0.000000e+00  0.000000e+00  0.000000e+00  0.000000e+00  0.000000e+00  0.000000e+00  0.000000e+00  0.000000e+00  0.000000e+00  0.000000e+00  0.000000e+00  0.000000e+00  0.000000e+00  0.000000e+00  0.000000e+00  0.000000e+00  0.000000e+00  0.000000e+00  0.000000e+00  0.000000e+00  0.000000e+00  0.000000e+00  0.000000e+00  0.000000e+00  0.000000e+00  0.000000e+00  0.000000e+00  0.000000e+00  0.000000e+00  0.000000e+00  0.000000e+00  0.000000e+00  0.000000e+00  0.000000e+00  0.000000e+00  0.000000e+00  0.000000e+00  0.000000e+00  0.000000e+00  0.000000e+00  0.000000e+00  0.000000e+00  0.000000e+00  0.000000e+00  0.000000e+00  0.000000e+00  0.000000e+00 
Re_Eyi =  0.000000e+00  0.000000e+00  0.000000e+00  0.000000e+00  0.000000e+00  0.000000e+00  0.000000e+00  0.000000e+00  0.000000e+00  0.000000e+00  0.000000e+00  0.000000e+00  0.000000e+00  0.000000e+00  0.000000e+00  0.000000e+00  0.000000e+00  0.000000e+00  0.000000e+00  0.000000e+00  0.000000e+00  0.000000e+00  0.000000e+00  0.000000e+00  0.000000e+00  0.000000e+00  0.000000e+00  0.000000e+00  0.000000e+00  0.000000e+00  0.000000e+00  0.000000e+00  0.000000e+00  0.000000e+00  0.000000e+00  0.000000e+00  0.000000e+00  0.000000e+00  0.000000e+00  0.000000e+00  0.000000e+00  0.000000e+00  0.000000e+00  0.000000e+00  0.000000e+00  0.000000e+00  0.000000e+00  0.000000e+00  0.000000e+00  0.000000e+00 -4.999998e-01  0.000000e+00  0.000000e+00  0.000000e+00  0.000000e+00  0.000000e+00  0.000000e+00  0.000000e+00  0.000000e+00  0.000000e+00  0.000000e+00  0.000000e+00  0.000000e+00  0.000000e+00  0.000000e+00  0.000000e+00  0.000000e+00  0.000000e+00  0.000000e+00  0.000000e+00  0.000000e+00  0.000000e+00  0.000000e+00  0.000000e+00  0.000000e+00  0.000000e+00  0.000000e+00  0.000000e+00  0.000000e+00  0.000000e+00  0.000000e+00  0.000000e+00  0.000000e+00  0.000000e+00  0.000000e+00  0.000000e+00  0.000000e+00  0.000000e+00  0.000000e+00  0.000000e+00  0.000000e+00  0.000000e+00  0.000000e+00  0.000000e+00  0.000000e+00  0.000000e+00  0.000000e+00  0.000000e+00  0.000000e+00  0.000000e+00  0.000000e+00 
Im_Eyi =  0.000000e+00  0.000000e+00  0.000000e+00  0.000000e+00  0.000000e+00  0.000000e+00  0.000000e+00  0.000000e+00  0.000000e+00  0.000000e+00  0.000000e+00  0.000000e+00  0.000000e+00  0.000000e+00  0.000000e+00  0.000000e+00  0.000000e+00  0.000000e+00  0.000000e+00  0.000000e+00  0.000000e+00  0.000000e+00  0.000000e+00  0.000000e+00  0.000000e+00  0.000000e+00  0.000000e+00  0.000000e+00  0.000000e+00  0.000000e+00  0.000000e+00  0.000000e+00  0.000000e+00  0.000000e+00  0.000000e+00  0.000000e+00  0.000000e+00  0.000000e+00  0.000000e+00  0.000000e+00  0.000000e+00  0.000000e+00  0.000000e+00  0.000000e+00  0.000000e+00  0.000000e+00  0.000000e+00  0.000000e+00  0.000000e+00  0.000000e+00 -8.660255e-01  0.000000e+00  0.000000e+00  0.000000e+00  0.000000e+00  0.000000e+00  0.000000e+00  0.000000e+00  0.000000e+00  0.000000e+00  0.000000e+00  0.000000e+00  0.000000e+00  0.000000e+00  0.000000e+00  0.000000e+00  0.000000e+00  0.000000e+00  0.000000e+00  0.000000e+00  0.000000e+00  0.000000e+00  0.000000e+00  0.000000e+00  0.000000e+00  0.000000e+00  0.000000e+00  0.000000e+00  0.000000e+00  0.000000e+00  0.000000e+00  0.000000e+00  0.000000e+00  0.000000e+00  0.000000e+00  0.000000e+00  0.000000e+00  0.000000e+00  0.000000e+00  0.000000e+00  0.000000e+00  0.000000e+00  0.000000e+00  0.000000e+00  0.000000e+00  0.000000e+00  0.000000e+00  0.000000e+00  0.000000e+00  0.000000e+00  0.000000e+00 
Re_Hpxi =  0.000000e+00  0.000000e+00  0.000000e+00  0.000000e+00  0.000000e+00  0.000000e+00  0.000000e+00  0.000000e+00  0.000000e+00  0.000000e+00  0.000000e+00  0.000000e+00  0.000000e+00  0.000000e+00  0.000000e+00  0.000000e+00  0.000000e+00  0.000000e+00  0.000000e+00  0.000000e+00  0.000000e+00  0.000000e+00  0.000000e+00  0.000000e+00  0.000000e+00  0.000000e+00  0.000000e+00  0.000000e+00  0.000000e+00  0.000000e+00  0.000000e+00  0.000000e+00  0.000000e+00  0.000000e+00  0.000000e+00  0.000000e+00  0.000000e+00  0.000000e+00  0.000000e+00  0.000000e+00  0.000000e+00  0.000000e+00  0.000000e+00  0.000000e+00  0.000000e+00  0.000000e+00  0.000000e+00  0.000000e+00  0.000000e+00  0.000000e+00  1.047198e+01  0.000000e+00  0.000000e+00  0.000000e+00  0.000000e+00  0.000000e+00  0.000000e+00  0.000000e+00  0.000000e+00  0.000000e+00  0.000000e+00  0.000000e+00  0.000000e+00  0.000000e+00  0.000000e+00  0.000000e+00  0.000000e+00  0.000000e+00  0.000000e+00  0.000000e+00  0.000000e+00  0.000000e+00  0.000000e+00  0.000000e+00  0.000000e+00  0.000000e+00  0.000000e+00  0.000000e+00  0.000000e+00  0.000000e+00  0.000000e+00  0.000000e+00  0.000000e+00  0.000000e+00  0.000000e+00  0.000000e+00  0.000000e+00  0.000000e+00  0.000000e+00  0.000000e+00  0.000000e+00  0.000000e+00  0.000000e+00  0.000000e+00  0.000000e+00  0.000000e+00  0.000000e+00  0.000000e+00  0.000000e+00  0.000000e+00  0.000000e+00 
Im_Hpxi =  0.000000e+00  0.000000e+00  0.000000e+00  0.000000e+00  0.000000e+00  0.000000e+00  0.000000e+00  0.000000e+00  0.000000e+00  0.000000e+00  0.000000e+00  0.000000e+00  0.000000e+00  0.000000e+00  0.000000e+00  0.000000e+00  0.000000e+00  0.000000e+00  0.000000e+00  0.000000e+00  0.000000e+00  0.000000e+00  0.000000e+00  0.000000e+00  0.000000e+00  0.000000e+00  0.000000e+00  0.000000e+00  0.000000e+00  0.000000e+00  0.000000e+00  0.000000e+00  0.000000e+00  0.000000e+00  0.000000e+00  0.000000e+00  0.000000e+00  0.000000e+00  0.000000e+00  0.000000e+00  0.000000e+00  0.000000e+00  0.000000e+00  0.000000e+00  0.000000e+00  0.000000e+00  0.000000e+00  0.000000e+00  0.000000e+00  0.000000e+00  0.000000e+00  0.000000e+00  0.000000e+00  0.000000e+00  0.000000e+00  0.000000e+00  0.000000e+00  0.000000e+00  0.000000e+00  0.000000e+00  0.000000e+00  0.000000e+00  0.000000e+00  0.000000e+00  0.000000e+00  0.000000e+00  0.000000e+00  0.000000e+00  0.000000e+00  0.000000e+00  0.000000e+00  0.000000e+00  0.000000e+00  0.000000e+00  0.000000e+00  0.000000e+00  0.000000e+00  0.000000e+00  0.000000e+00  0.000000e+00  0.000000e+00  0.000000e+00  0.000000e+00  0.000000e+00  0.000000e+00  0.000000e+00  0.000000e+00  0.000000e+00  0.000000e+00  0.000000e+00  0.000000e+00  0.000000e+00  0.000000e+00  0.000000e+00  0.000000e+00  0.000000e+00  0.000000e+00  0.000000e+00  0.000000e+00  0.000000e+00  0.000000e+00 
Re_Hpyi =  0.000000e+00  0.000000e+00  0.000000e+00  0.000000e+00  0.000000e+00  0.000000e+00  0.000000e+00  0.000000e+00  0.000000e+00  0.000000e+00  0.000000e+00  0.000000e+00  0.000000e+00  0.000000e+00  0.000000e+00  0.000000e+00  0.000000e+00  0.000000e+00  0.000000e+00  0.000000e+00  0.000000e+00  0.000000e+00  0.000000e+00  0.000000e+00  0.000000e+00  0.000000e+00  0.000000e+00  0.000000e+00  0.000000e+00  0.000000e+00  0.000000e+00  0.000000e+00  0.000000e+00  0.000000e+00  0.000000e+00  0.000000e+00  0.000000e+00  0.000000e+00  0.000000e+00  0.000000e+00  0.000000e+00  0.000000e+00  0.000000e+00  0.000000e+00  0.000000e+00  0.000000e+00  0.000000e+00  0.000000e+00  0.000000e+00  0.000000e+00  0.000000e+00  0.000000e+00  0.000000e+00  0.000000e+00  0.000000e+00  0.000000e+00  0.000000e+00  0.000000e+00  0.000000e+00  0.000000e+00  0.000000e+00  0.000000e+00  0.000000e+00  0.000000e+00  0.000000e+00  0.000000e+00  0.000000e+00  0.000000e+00  0.000000e+00  0.000000e+00  0.000000e+00  0.000000e+00  0.000000e+00  0.000000e+00  0.000000e+00  0.000000e+00  0.000000e+00  0.000000e+00  0.000000e+00  0.000000e+00  0.000000e+00  0.000000e+00  0.000000e+00  0.000000e+00  0.000000e+00  0.000000e+00  0.000000e+00  0.000000e+00  0.000000e+00  0.000000e+00  0.000000e+00  0.000000e+00  0.000000e+00  0.000000e+00  0.000000e+00  0.000000e+00  0.000000e+00  0.000000e+00  0.000000e+00  0.000000e+00  0.000000e+00 
Im_Hpyi =  0.000000e+00  0.000000e+00  0.000000e+00  0.000000e+00  0.000000e+00  0.000000e+00  0.000000e+00  0.000000e+00  0.000000e+00  0.000000e+00  0.000000e+00  0.000000e+00  0.000000e+00  0.000000e+00  0.000000e+00  0.000000e+00  0.000000e+00  0.000000e+00  0.000000e+00  0.000000e+00  0.000000e+00  0.000000e+00  0.000000e+00  0.000000e+00  0.000000e+00  0.000000e+00  0.000000e+00  0.000000e+00  0.000000e+00  0.000000e+00  0.000000e+00  0.000000e+00  0.000000e+00  0.000000e+00  0.000000e+00  0.000000e+00  0.000000e+00  0.000000e+00  0.000000e+00  0.000000e+00  0.000000e+00  0.000000e+00  0.000000e+00  0.000000e+00  0.000000e+00  0.000000e+00  0.000000e+00  0.000000e+00  0.000000e+00  0.000000e+00 -0.000000e+00  0.000000e+00  0.000000e+00  0.000000e+00  0.000000e+00  0.000000e+00  0.000000e+00  0.000000e+00  0.000000e+00  0.000000e+00  0.000000e+00  0.000000e+00  0.000000e+00  0.000000e+00  0.000000e+00  0.000000e+00  0.000000e+00  0.000000e+00  0.000000e+00  0.000000e+00  0.000000e+00  0.000000e+00  0.000000e+00  0.000000e+00  0.000000e+00  0.000000e+00  0.000000e+00  0.000000e+00  0.000000e+00  0.000000e+00  0.000000e+00  0.000000e+00  0.000000e+00  0.000000e+00  0.000000e+00  0.000000e+00  0.000000e+00  0.000000e+00  0.000000e+00  0.000000e+00  0.000000e+00  0.000000e+00  0.000000e+00  0.000000e+00  0.000000e+00  0.000000e+00  0.000000e+00  0.000000e+00  0.000000e+00  0.000000e+00  0.000000e+00 
Re_Exr = -1.639936e+117 -2.312911e+114  2.799441e+111 -1.722674e+108 -4.874761e+106 -1.097523e+104 -2.797983e+101 -6.911145e+98 -4.930905e+95  1.125699e+93 -2.897884e+90 -1.414213e+87  2.178918e+85  7.990453e+82  2.048019e+80  4.824623e+77  1.242532e+75  2.308017e+72  5.685415e+69  5.625944e+66  4.190056e+64  3.192237e+61 -2.916139e+57  6.271656e+55  1.503843e+54 -8.606656e+50  1.414686e+48 -2.688485e+45 -2.505762e+43 -1.054708e+41 -1.630789e+37 -2.742749e+35 -1.348318e+33 -3.651291e+29 -1.422603e+27  5.091574e+24  1.283786e+22  1.888788e+19  5.533081e+16 -3.410957e+14 -1.189398e+11  2.210803e+08 -1.309734e+06  1.848826e+03  2.761437e+01 -1.333895e-02  1.977248e-05  6.154416e-08  1.195646e-10  5.161556e-14  4.791742e-14 -8.989426e-15 -2.496973e-10 -2.879045e-07  1.573952e-04  2.360937e-02 -4.468661e+00  1.007691e+04  1.526830e+06 -1.023954e+09 -7.942202e+11 -4.453922e+14 -2.710928e+16 -5.280719e+19 -1.517048e+22  5.427437e+24  3.330639e+27  9.589061e+29  3.681105e+32  4.607568e+34  8.433842e+37  9.463159e+40  2.042052e+43 -2.742347e+45 -3.850147e+47  2.377572e+51  1.164275e+54  1.696304e+56 -8.485778e+58 -8.019439e+61 -1.883235e+64  3.553102e+66  4.176240e+69  6.418817e+71  4.966212e+74  1.709788e+77  1.178475e+80  2.032635e+82 -7.512852e+83  1.232294e+88 -2.287936e+90  8.521495e+92  5.042581e+94  5.380080e+97  4.428898e+100  7.317181e+103  1.917431e+106  2.892631e+107 -1.043761e+112 -3.682464e+114  8.188040e+116 
Im_Exr = -1.554571e+117 -4.643856e+113  1.817781e+110 -8.232822e+108 -3.485766e+106 -4.679218e+103 -1.469151e+101 -6.158138e+98 -2.996202e+95 -2.519415e+93 -1.211383e+90 -5.079551e+87 -2.504791e+84  1.753887e+82  1.442389e+80  3.244019e+77  1.306072e+75  2.897815e+72  3.151233e+69  9.788058e+66  2.784954e+63 -1.473423e+62 -2.100462e+58 -7.925916e+55  4.893749e+53 -1.634096e+51 -3.191401e+48  1.840522e+46  4.068852e+43  9.999302e+40  3.214592e+37 -4.983982e+34 -2.930752e+32 -1.253355e+30  1.719292e+27 -1.373756e+25 -3.565140e+22 -9.137179e+18 -2.803152e+17 -2.156142e+14 -5.311452e+11 -1.310933e+09 -2.072561e+05 -4.346088e+03 -4.655139e+00  6.687943e-03  3.497284e-04 -1.486436e-07  1.771201e-10  4.432763e-14 -3.099196e-15 -2.135391e-14 -9.063533e-11  1.060742e-07 -2.244181e-04 -1.136201e-01 -2.283990e+01 -2.621601e+03 -1.853607e+05 -1.954531e+09  1.651192e+11 -1.621407e+12  1.226468e+16 -9.205443e+18  2.956526e+22  9.526314e+23  2.827774e+27  2.477798e+30 -2.292184e+32  1.468290e+35  3.504291e+37 -3.993845e+40 -2.417591e+43 -6.290679e+44  1.269695e+49 -4.639771e+50 -1.787406e+53 -1.093172e+57 -2.108847e+58 -5.348308e+61 -3.208597e+64 -6.731287e+66 -3.580874e+69 -2.134014e+72 -1.643242e+74 -2.627597e+77 -1.274155e+80 -5.861029e+82 -1.346901e+85 -9.473595e+87 -1.583830e+90  1.246535e+93  5.629661e+95  3.098311e+98  2.405005e+101  1.459424e+104  3.095581e+106  2.489366e+109  8.900230e+111  4.809968e+113  3.582027e+117 
Re_Eyr = -4.427739e-05 -4.050640e-05 -3.438083e-05 -2.588765e-05 -1.511248e-05 -2.249080e-06  1.239366e-05  2.838776e-05  4.518587e-05  6.212532e-05  7.843721e-05  9.326116e-05  1.056664e-04  1.146796e-04  1.193199e-04  1.186406e-04  1.117775e-04  9.800234e-05  7.677931e-05  4.782272e-05  1.115220e-05 -3.285823e-05 -8.344071e-05 -1.394076e-04 -1.991414e-04 -2.606027e-04 -3.213540e-04 -3.785976e-04 -4.292201e-04 -4.698312e-04 -4.967841e-04 -5.061528e-04 -4.936372e-04 -4.543542e-04 -3.824504e-04 -2.704388e-04 -1.081004e-04  1.193208e-04  4.341059e-04  8.711003e-04  1.486450e-03  2.373337e-03  3.691799e-03  5.729324e-03  9.036170e-03  1.476884e-02  2.573529e-02  5.065640e-02  1.373956e-01 -3.560778e-01  3.684527e-01 -3.560778e-01  1.373956e-01  5.065640e-02  2.573529e-02  1.476884e-02  9.036170e-03  5.729324e-03  3.691799e-03  2.373337e-03  1.486450e-03  8.711003e-04  4.341059e-04  1.193208e-04 -1.081004e-04 -2.704388e-04 -3.824504e-04 -4.543542e-04 -4.936372e-04 -5.061528e-04 -4.967841e-04 -4.698312e-04 -4.292201e-04 -3.785976e-04 -3.213540e-04 -2.606027e-04 -1.991414e-04 -1.394076e-04 -8.344071e-05 -3.285823e-05  1.115220e-05  4.782272e-05  7.677931e-05  9.800234e-05  1.117775e-04  1.186406e-04  1.193199e-04  1.146796e-04  1.056664e-04  9.326116e-05  7.843721e-05  6.212532e-05  4.518587e-05  2.838776e-05  1.239366e-05 -2.249080e-06 -1.511248e-05 -2.588765e-05 -3.438083e-05 -4.050640e-05 -4.427739e-05 
Im_Eyr =  1.604115e-05  1.475713e-05  1.264249e-05  9.694983e-06  5.947241e-06  1.469660e-06 -3.627689e-06 -9.194330e-06 -1.504000e-05 -2.093677e-05 -2.662281e-05 -3.180793e-05 -3.618101e-05 -3.941929e-05 -4.119962e-05 -4.121146e-05 -3.917153e-05 -3.483976e-05 -2.803616e-05 -1.865800e-05 -6.696598e-06  7.746924e-06  2.444795e-05  4.304735e-05  6.304393e-05  8.379054e-05  1.044938e-04  1.242167e-04  1.418816e-04  1.562712e-04  1.660221e-04  1.696031e-04  1.652686e-04  1.509721e-04  1.242181e-04  8.182427e-05  1.954724e-05 -6.849356e-05 -1.907051e-04 -3.594124e-04 -5.931105e-04 -9.202907e-04 -1.386312e-03 -2.066252e-03 -3.088883e-03 -4.675865e-03 -7.154509e-03 -1.029731e-02  4.354379e-03  5.693385e-01 -2.173819e-01  5.693385e-01  4.354379e-03 -1.029731e-02 -7.154509e-03 -4.675865e-03 -3.088883e-03 -2.066252e-03 -1.386312e-03 -9.202907e-04 -5.931105e-04 -3.594124e-04 -1.907051e-04 -6.849356e-05  1.954724e-05  8.182427e-05  1.242181e-04  1.509721e-04  1.652686e-04  1.696031e-04  1.660221e-04  1.562712e-04  1.418816e-04  1.242167e-04  1.044938e-04  8.379054e-05  6.304393e-05  4.304735e-05  2.444795e-05  7.746924e-06 -6.696598e-06 -1.865800e-05 -2.803616e-05 -3.483976e-05 -3.917153e-05 -4.121146e-05 -4.119962e-05 -3.941929e-05 -3.618101e-05 -3.180793e-05 -2.662281e-05 -2.093677e-05 -1.504000e-05 -9.194330e-06 -3.627689e-06  1.469660e-06  5.947241e-06  9.694983e-06  1.264249e-05  1.475713e-05  1.604115e-05 
Re_Hpxr =  5.140341e+128  1.110051e+126  2.231176e+123  4.012117e+120  5.767951e+117  3.338447e+114 -1.928895e+112 -1.143576e+110 -4.372804e+107 -1.421914e+105 -4.220233e+102 -1.175940e+100 -3.116919e+97 -7.905953e+94 -1.921855e+92 -4.466649e+89 -9.853631e+86 -2.031684e+84 -3.785406e+81 -5.824925e+78 -4.827094e+75  1.287340e+73  9.349968e+70  3.782059e+68  1.269931e+66  3.861441e+63  1.099095e+61  2.974297e+58  7.711536e+55  1.921839e+53  4.603387e+50  1.056035e+48  2.300374e+45  4.673311e+42  8.500693e+39  1.229423e+37  6.396545e+33 -4.834851e+31 -2.870428e+29 -1.137290e+27 -3.876157e+24 -1.214204e+22 -3.582974e+19 -1.003621e+17 -2.655033e+14 -6.475929e+11 -1.356993e+09 -1.908520e+06  2.781169e+02  4.179356e+00  3.900649e+00  4.179356e+00  2.781169e+02 -1.908520e+06 -1.356993e+09 -6.475929e+11 -2.655033e+14 -1.003621e+17 -3.582974e+19 -1.214204e+22 -3.876157e+24 -1.137290e+27 -2.870428e+29 -4.834851e+31  6.396545e+33  1.229423e+37  8.500693e+39  4.673311e+42  2.300374e+45  1.056035e+48  4.603387e+50  1.921839e+53  7.711536e+55  2.974297e+58  1.099095e+61  3.861441e+63  1.269931e+66  3.782059e+68  9.349968e+70  1.287340e+73 -4.827094e+75 -5.824925e+78 -3.785406e+81 -2.031684e+84 -9.853631e+86 -4.466649e+89 -1.921855e+92 -7.905953e+94 -3.116919e+97 -1.175940e+100 -4.220233e+102 -1.421914e+105 -4.372804e+107 -1.143576e+110 -1.928895e+112  3.338447e+114  5.767951e+117  4.012117e+120  2.231176e+123  1.110051e+126  5.140341e+128 
Im_Hpxr =  1.418856e+129  3.046945e+126  6.067608e+123  1.071320e+121  1.465689e+118  5.108960e+114 -6.589891e+112 -3.530825e+110 -1.313756e+108 -4.219222e+105 -1.243382e+103 -3.447867e+100 -9.102939e+97 -2.300019e+95 -5.565959e+92 -1.285870e+90 -2.811772e+87 -5.715016e+84 -1.036664e+82 -1.492999e+79 -8.038814e+75  5.460193e+73  3.191139e+71  1.224809e+69  4.011424e+66  1.200973e+64  3.380089e+61  9.065301e+58  2.332894e+56  5.778031e+53  1.377461e+51  3.151563e+48  6.870936e+45  1.406444e+43  2.617246e+40  4.063386e+37  3.537425e+34 -8.422665e+31 -6.534016e+29 -2.756425e+27 -9.714405e+24 -3.131310e+22 -9.541592e+19 -2.782850e+17 -7.766992e+14 -2.045439e+12 -4.881202e+09 -9.388739e+06 -8.775541e+03 -2.519625e+00  2.203288e+00 -2.519625e+00 -8.775541e+03 -9.388739e+06 -4.881202e+09 -2.045439e+12 -7.766992e+14 -2.782850e+17 -9.541592e+19 -3.131310e+22 -9.714405e+24 -2.756425e+27 -6.534016e+29 -8.422665e+31  3.537425e+34  4.063386e+37  2.617246e+40  1.406444e+43  6.870936e+45  3.151563e+48  1.377461e+51  5.778031e+53  2.332894e+56  9.065301e+58  3.380089e+61  1.200973e+64  4.011424e+66  1.224809e+69  3.191139e+71  5.460193e+73 -8.038814e+75 -1.492999e+79 -1.036664e+82 -5.715016e+84 -2.811772e+87 -1.285870e+90 -5.565959e+92 -2.300019e+95 -9.102939e+97 -3.447867e+100 -1.243382e+103 -4.219222e+105 -1.313756e+108 -3.530825e+110 -6.589891e+112  5.108960e+114  1.465689e+118  1.071320e+121  6.067608e+123  3.046945e+126  1.418856e+129 
Re_Hpyr = -5.319998e-15 -6.770099e-16  1.129530e-16 -2.181621e-15 -3.941390e-15 -2.258930e-15 -3.030017e-15 -5.429521e-15 -1.130098e-15 -4.068114e-15 -8.380235e-16 -1.506721e-15 -3.188481e-16  9.589883e-16  3.390879e-15  3.282289e-15  5.693751e-15  5.449377e-15  2.559433e-15  3.438178e-15  4.236855e-16 -9.723462e-15 -6.022882e-16 -9.892927e-16  2.664170e-15 -3.888485e-15 -3.327316e-15  8.429347e-15  8.209452e-15  8.916387e-15  1.271369e-15 -8.777873e-16 -2.309023e-15 -4.440208e-15  2.755101e-15 -1.002646e-14 -1.194741e-14 -1.419502e-15 -2.042300e-14 -7.472338e-15 -8.912606e-15 -1.089610e-14 -8.793905e-16 -9.812263e-15 -5.939110e-15  5.295532e-15  2.022043e-13 -8.794888e-14  3.041053e-13  9.971967e-13 -2.227883e-13 -2.667290e-13 -1.556158e-13  6.276162e-14 -1.297530e-13 -8.996470e-14 -2.913956e-14 -5.918849e-15 -7.864880e-16 -1.624550e-14  2.770697e-15 -5.619160e-17  8.935709e-16 -1.430107e-15  9.907838e-15  6.952852e-16  4.531401e-15  8.777991e-15 -1.805920e-15  2.585977e-15  1.385944e-15 -3.561315e-15 -4.877813e-15 -2.881047e-16  1.323769e-14 -1.104077e-15 -9.730688e-16 -1.364470e-14 -6.046925e-16 -3.529472e-15 -4.881360e-15 -2.364449e-15 -2.908388e-15 -4.013040e-15 -7.163627e-16 -2.658595e-15 -2.995381e-15 -3.204687e-15 -1.714542e-15 -2.810103e-15 -1.095678e-15  2.012788e-15  2.123378e-15  2.731726e-15  4.960147e-15  7.045488e-15  3.500204e-15  6.596589e-15  5.530410e-15  7.012268e-16  1.225828e-14 
Im_Hpyr =  5.612129e-15  3.371904e-15 -1.739512e-15  4.564926e-16  5.511940e-15  5.298382e-15  5.770637e-15  6.093435e-15  1.859823e-15 -1.817672e-15  2.004729e-15  4.194908e-16 -2.773661e-15 -4.369011e-15 -4.814641e-15 -4.881539e-15 -5.416752e-15 -4.340256e-15 -4.617698e-15 -1.976183e-15 -6.374491e-15 -2.106631e-15  8.361760e-17 -7.828122e-16 -8.186964e-15  2.048034e-15 -1.474935e-15  1.231290e-15  5.055711e-15  9.404837e-15  6.449758e-16  4.830576e-15  1.062286e-14  1.293527e-15  2.279668e-15 -3.716124e-15 -4.302193e-15 -2.934317e-15 -4.031251e-15  1.182103e-14  1.995807e-15 -1.837557e-15  5.557218e-15 -4.174137e-15 -3.523091e-14  1.056182e-14 -1.143196e-14 -3.641422e-14 -2.052857e-13  2.442638e-13  4.507903e-13 -2.260244e-13  4.287162e-13  1.703463e-13 -9.100198e-14 -1.869396e-14  5.701198e-15 -2.275087e-14 -6.478359e-15  8.510818e-15  1.332700e-14  1.543554e-14  1.975107e-15  8.203835e-15  5.083895e-15 -3.961256e-15 -5.337224e-15 -3.397076e-15 -2.900196e-15 -8.114928e-16 -3.335578e-15 -8.438307e-15 -4.120113e-15  1.255958e-15  4.014117e-16 -5.657655e-15 -6.338346e-15 -2.117283e-15  2.433218e-15  5.292213e-15  2.865036e-15 -1.248072e-15 -3.391944e-15 -1.207067e-15 -2.164994e-15 -1.729958e-15 -2.770450e-15 -1.111402e-15  9.563508e-17 -3.655289e-15  1.582772e-15 -1.375971e-15 -1.901945e-16 -4.743522e-16 -9.134278e-16 -3.532428e-15 -2.168058e-15 -7.665204e-17  6.485706e-15  5.368522e-15 -2.802082e-15 
Re_Ext =  1.195651e-15 -1.118506e-15  1.048670e-15 -9.041277e-16  7.739136e-16 -6.131308e-16  4.458051e-16 -2.648734e-16  8.774136e-17  8.476805e-17 -2.571169e-16  4.027548e-16 -5.363686e-16  6.504361e-16 -7.263840e-16  7.895451e-16 -7.963295e-16  8.031944e-16 -7.345311e-16  6.385085e-16 -5.560166e-16  3.883149e-16 -2.223333e-16  4.450206e-17  1.171022e-16 -3.017766e-16  4.620735e-16 -6.061472e-16  7.741372e-16 -8.451965e-16  9.512540e-16 -9.606864e-16  9.479391e-16 -9.415593e-16  8.379298e-16 -6.921927e-16  5.170275e-16 -3.253066e-16  3.745334e-17  2.536254e-16 -5.781546e-16  1.023463e-15 -1.558083e-15  2.073051e-15 -2.715441e-15  3.395868e-15 -4.034843e-15  4.676438e-15 -5.204497e-15  5.507077e-15 -5.618463e-15  5.530349e-15 -5.183316e-15  4.649701e-15 -4.085527e-15  3.340711e-15 -2.724420e-15  2.069949e-15 -1.538199e-15  1.000948e-15 -6.524495e-16  2.459460e-16  6.861347e-17 -2.762476e-16  5.233168e-16 -6.579054e-16  8.136864e-16 -9.358452e-16  9.492459e-16 -9.894173e-16  9.342994e-16 -8.449477e-16  7.428757e-16 -6.342186e-16  4.822413e-16 -3.078498e-16  1.251601e-16  6.688866e-17 -2.181730e-16  3.886703e-16 -5.084256e-16  6.260791e-16 -7.249323e-16  7.755549e-16 -7.792118e-16  7.684266e-16 -7.100549e-16  6.230687e-16 -5.290777e-16  3.915962e-16 -2.480934e-16  8.905003e-17  7.472195e-17 -2.434713e-16  4.130759e-16 -5.756935e-16  7.314227e-16 -8.676427e-16  9.909827e-16 -1.084158e-15  1.161043e-15 
Im_Ext = -3.610470e-16  1.643479e-16 -4.625311e-17 -6.394921e-17  1.554276e-16 -2.166300e-16  2.577075e-16 -2.728229e-16  2.659874e-16 -2.462829e-16  2.134478e-16 -1.629731e-16  1.022451e-16 -3.849645e-17 -1.030599e-17  7.135929e-17 -1.195962e-16  1.575077e-16 -2.102334e-16  2.116464e-16 -2.281472e-16  2.223114e-16 -1.982565e-16  1.692759e-16 -1.453408e-16  9.355905e-17 -3.493275e-17 -5.579587e-18  7.325080e-17 -1.109293e-16  1.625764e-16 -1.458529e-16  1.778571e-16 -1.938300e-16  1.925382e-16 -1.587034e-16  1.806056e-16 -1.705535e-16  1.757734e-16 -1.809263e-16  1.057025e-16 -1.027686e-16  2.469979e-17  3.832125e-17 -1.620197e-16  2.826855e-16 -4.704460e-16  6.848975e-16 -8.318586e-16  9.783604e-16 -1.049834e-15  1.017616e-15 -8.233352e-16  7.303640e-16 -5.244875e-16  2.992704e-16 -2.068642e-16  6.693319e-17 -1.103686e-17 -2.681642e-17  8.962275e-17 -1.119881e-16  1.548292e-16 -1.492735e-16  1.598943e-16 -1.765984e-16  2.185171e-16 -1.698512e-16  1.508292e-16 -1.344379e-16  1.135981e-16 -4.332955e-17  3.492896e-17 -1.398485e-18 -6.487439e-17  1.040665e-16 -1.372609e-16  1.641004e-16 -1.981422e-16  1.902906e-16 -1.696525e-16  1.608901e-16 -1.573972e-16  9.789182e-17 -7.564267e-17  2.565616e-17  2.374131e-17 -9.508626e-17  1.390430e-16 -1.835411e-16  2.137720e-16 -2.351229e-16  2.311126e-16 -2.266479e-16  1.834892e-16 -1.257452e-16  4.703463e-17  6.120618e-17 -1.880281e-16  3.514004e-16 -5.218304e-16 
Re_Eyt =  9.082795e-07 -8.354770e-07  7.134987e-07 -5.411954e-07  3.193866e-07 -5.113102e-08 -2.580311e-07  5.998783e-07 -9.633691e-07  1.334584e-06 -1.696774e-06  2.030550e-06 -2.314239e-06  2.524436e-06 -2.636780e-06  2.626971e-06 -2.472016e-06  2.151686e-06 -1.650127e-06  9.575462e-07 -7.185932e-08 -9.998340e-07  2.240094e-06 -3.620442e-06  5.101225e-06 -6.632103e-06  8.153112e-06 -9.596138e-06  1.088646e-05 -1.194375e-05  1.268156e-05 -1.300352e-05  1.279366e-05 -1.189562e-05  1.007231e-05 -6.930809e-06  1.786779e-06  6.573599e-06 -2.029762e-05  4.312041e-05 -8.135300e-05  1.452093e-04 -2.502097e-04  4.177786e-04 -6.731061e-04  1.037380e-03 -1.512366e-03  2.060675e-03 -2.594568e-03  2.991063e-03 -3.138404e-03  2.991063e-03 -2.594568e-03  2.060675e-03 -1.512366e-03  1.037380e-03 -6.731061e-04  4.177786e-04 -2.502097e-04  1.452093e-04 -8.135300e-05  4.312041e-05 -2.029762e-05  6.573599e-06  1.786779e-06 -6.930809e-06  1.007231e-05 -1.189562e-05  1.279366e-05 -1.300352e-05  1.268156e-05 -1.194375e-05  1.088646e-05 -9.596138e-06  8.153112e-06 -6.632103e-06  5.101225e-06 -3.620442e-06  2.240094e-06 -9.998340e-07 -7.185932e-08  9.575462e-07 -1.650127e-06  2.151686e-06 -2.472016e-06  2.626971e-06 -2.636780e-06  2.524436e-06 -2.314239e-06  2.030550e-06 -1.696774e-06  1.334584e-06 -9.633691e-07  5.998783e-07 -2.580311e-07 -5.113102e-08  3.193866e-07 -5.411954e-07  7.134987e-07 -8.354770e-07  9.082795e-07 
Im_Eyt = -5.152306e-06  4.456297e-06 -3.443562e-06  2.117953e-06 -4.979665e-07 -1.381713e-06  3.469031e-06 -5.693829e-06  7.967722e-06 -1.018471e-05  1.222273e-05 -1.394624e-05  1.521008e-05 -1.586469e-05  1.576267e-05 -1.476680e-05  1.275917e-05 -9.651347e-06  5.394928e-06  8.030977e-09 -6.495409e-06  1.393704e-05 -2.212909e-05  3.079133e-05 -3.956769e-05  4.802974e-05 -5.568261e-05  6.197147e-05 -6.628650e-05  6.796247e-05 -6.626824e-05  6.037944e-05 -4.932542e-05  3.189824e-05 -6.507621e-06 -2.903909e-05  7.785654e-05 -1.444232e-04  2.351514e-04 -3.590397e-04  5.282464e-04 -7.582026e-04  1.066545e-03 -1.469798e-03  1.976757e-03 -2.578710e-03  3.239599e-03 -3.892756e-03  4.450677e-03 -4.826908e-03  4.959680e-03 -4.826908e-03  4.450677e-03 -3.892756e-03  3.239599e-03 -2.578710e-03  1.976757e-03 -1.469798e-03  1.066545e-03 -7.582026e-04  5.282464e-04 -3.590397e-04  2.351514e-04 -1.444232e-04  7.785654e-05 -2.903909e-05 -6.507621e-06  3.189824e-05 -4.932542e-05  6.037944e-05 -6.626824e-05  6.796247e-05 -6.628650e-05  6.197147e-05 -5.568261e-05  4.802974e-05 -3.956769e-05  3.079133e-05 -2.212909e-05  1.393704e-05 -6.495409e-06  8.030977e-09  5.394928e-06 -9.651347e-06  1.275917e-05 -1.476680e-05  1.576267e-05 -1.586469e-05  1.521008e-05 -1.394624e-05  1.222273e-05 -1.018471e-05  7.967722e-06 -5.693829e-06  3.469031e-06 -1.381713e-06 -4.979665e-07  2.117953e-06 -3.443562e-06  4.456297e-06 -5.152306e-06 
Re_Hpxt =  1.980987e-03 -1.680586e-03  1.273420e-03 -7.678787e-04  1.774222e-04  4.794275e-04 -1.179275e-03  1.894249e-03 -2.592619e-03  3.239657e-03 -3.798751e-03  4.232771e-03 -4.505692e-03  4.584420e-03 -4.440794e-03  4.053664e-03 -3.410954e-03  2.511549e-03 -1.366876e-03  1.990023e-06  1.543975e-03 -3.218137e-03  4.955036e-03 -6.678655e-03  8.305199e-03 -9.746415e-03  1.091316e-02 -1.171882e-02  1.208199e-02 -1.192806e-02  1.118883e-02 -9.799821e-03  7.694259e-03 -4.793288e-03  9.912909e-04  3.864505e-03 -1.000104e-02  1.775332e-02 -2.760361e-02  4.022055e-02 -5.648464e-02  7.747368e-02 -1.043627e-01  1.381761e-01 -1.793361e-01  2.270224e-01 -2.785298e-01  3.290178e-01 -3.720793e-01  4.011850e-01 -4.114821e-01  4.011850e-01 -3.720793e-01  3.290178e-01 -2.785298e-01  2.270224e-01 -1.793361e-01  1.381761e-01 -1.043627e-01  7.747368e-02 -5.648464e-02  4.022055e-02 -2.760361e-02  1.775332e-02 -1.000104e-02  3.864505e-03  9.912909e-04 -4.793288e-03  7.694259e-03 -9.799821e-03  1.118883e-02 -1.192806e-02  1.208199e-02 -1.171882e-02  1.091316e-02 -9.746415e-03  8.305199e-03 -6.678655e-03  4.955036e-03 -3.218137e-03  1.543975e-03  1.990023e-06 -1.366876e-03  2.511549e-03 -3.410954e-03  4.053664e-03 -4.440794e-03  4.584420e-03 -4.505692e-03  4.232771e-03 -3.798751e-03  3.239657e-03 -2.592619e-03  1.894249e-03 -1.179275e-03  4.794275e-04  1.774222e-04 -7.678787e-04  1.273420e-03 -1.680586e-03  1.980987e-03 
Im_Hpxt =  3.352181e-04 -3.026827e-04  2.540045e-04 -1.899028e-04  1.117884e-04 -2.177635e-05 -7.732309e-05  1.820378e-04 -2.882945e-04  3.915098e-04 -4.867141e-04  5.687125e-04 -6.322809e-04  6.723993e-04 -6.845149e-04  6.648291e-04 -6.105925e-04  5.203908e-04 -3.943975e-04  2.345668e-04 -4.473773e-05 -1.693752e-04  4.003264e-04 -6.392287e-04  8.761850e-04 -1.100843e-03  1.303038e-03 -1.473466e-03  1.604324e-03 -1.689829e-03  1.726519e-03 -1.713195e-03  1.650319e-03 -1.538556e-03  1.375928e-03 -1.152696e-03  8.424665e-04 -3.872514e-04 -3.268132e-04  1.507041e-03 -3.508239e-03  6.901302e-03 -1.253974e-02  2.157573e-02 -3.532690e-02  5.485283e-02 -8.015408e-02  1.091799e-01 -1.372977e-01  1.581058e-01 -1.658246e-01  1.581058e-01 -1.372977e-01  1.091799e-01 -8.015408e-02  5.485283e-02 -3.532690e-02  2.157573e-02 -1.253974e-02  6.901302e-03 -3.508239e-03  1.507041e-03 -3.268132e-04 -3.872514e-04  8.424665e-04 -1.152696e-03  1.375928e-03 -1.538556e-03  1.650319e-03 -1.713195e-03  1.726519e-03 -1.689829e-03  1.604324e-03 -1.473466e-03  1.303038e-03 -1.100843e-03  8.761850e-04 -6.392287e-04  4.003264e-04 -1.693752e-04 -4.473773e-05  2.345668e-04 -3.943975e-04  5.203908e-04 -6.105925e-04  6.648291e-04 -6.845149e-04  6.723993e-04 -6.322809e-04  5.687125e-04 -4.867141e-04  3.915098e-04 -2.882945e-04  1.820378e-04 -7.732309e-05 -2.177635e-05  1.117884e-04 -1.899028e-04  2.540045e-04 -3.026827e-04  3.352181e-04 
Re_Hpyt = -1.122435e-14  8.236123e-15 -6.307675e-15  4.007794e-15 -1.975906e-15  1.515190e-16  1.471259e-15 -2.826335e-15  3.855279e-15 -4.683237e-15  5.319363e-15 -5.497198e-15  5.414382e-15 -5.134466e-15  4.856217e-15 -4.228449e-15  3.409129e-15 -2.756437e-15  1.167632e-15 -3.959787e-16 -6.509693e-16  1.949602e-15 -2.869021e-15  3.820074e-15 -4.804109e-15  5.315117e-15 -5.417281e-15  5.861601e-15 -5.750867e-15  5.499873e-15 -5.135607e-15  5.914797e-15 -4.775100e-15  4.180949e-15 -2.970706e-15  2.436840e-15  8.489564e-16 -3.193093e-15  7.713435e-15 -1.252480e-14  1.385805e-14 -2.065034e-14  2.449806e-14 -2.845568e-14  2.984608e-14 -3.089368e-14  2.560331e-14 -1.725186e-14  1.149685e-14 -2.953521e-15 -1.568904e-15 -3.675860e-16  1.182465e-14 -1.363689e-14  2.260417e-14 -2.898570e-14  2.712776e-14 -2.667477e-14  2.214249e-14 -1.615969e-14  1.409690e-14 -9.014956e-15  6.300210e-15 -2.909202e-15 -1.106117e-16  1.277531e-15 -1.671460e-15  4.993033e-15 -5.739589e-15  6.622353e-15 -6.530372e-15  7.590851e-15 -6.571621e-15  6.260304e-15 -6.438669e-15  5.651930e-15 -4.669287e-15  3.493857e-15 -2.901928e-15  1.199641e-15  2.860793e-16 -1.411770e-15  2.219891e-15 -3.784120e-15  4.169482e-15 -4.973964e-15  5.392721e-15 -6.001559e-15  6.033675e-15 -5.788948e-15  5.267744e-15 -4.521413e-15  3.358995e-15 -2.208751e-15  4.907548e-16  1.341373e-15 -3.377081e-15  5.661123e-15 -8.054753e-15  1.071554e-14 -1.328786e-14 
Im_Hpyt = -1.480844e-14  1.504247e-14 -1.496749e-14  1.373856e-14 -1.256865e-14  1.070270e-14 -8.533839e-15  5.893653e-15 -3.062113e-15  9.679925e-17  3.090028e-15 -6.073069e-15  9.053578e-15 -1.184142e-14  1.394119e-14 -1.598814e-14  1.691549e-14 -1.781660e-14  1.727125e-14 -1.568385e-14  1.442583e-14 -1.091177e-14  7.053802e-15 -2.600260e-15 -1.694708e-15  7.167557e-15 -1.242696e-14  1.742890e-14 -2.380115e-14  2.734904e-14 -3.245594e-14  3.395573e-14 -3.536222e-14  3.690640e-14 -3.460821e-14  2.993811e-14 -2.426454e-14  1.678437e-14 -4.192443e-15 -9.944235e-15  2.852501e-14 -5.455092e-14  8.949634e-14 -1.262661e-13  1.750346e-13 -2.296335e-13  2.851445e-13 -3.426617e-13  3.909860e-13 -4.208167e-13  4.320305e-13 -4.230754e-13  3.893236e-13 -3.413998e-13  2.894190e-13 -2.262135e-13  1.762685e-13 -1.265028e-13  8.887872e-14 -5.443245e-14  3.261966e-14 -1.054374e-14 -5.361414e-15  1.431318e-14 -2.425852e-14  2.878395e-14 -3.399755e-14  3.640877e-14 -3.509386e-14  3.479353e-14 -3.137466e-14  2.662667e-14 -2.247766e-14  1.819195e-14 -1.269554e-14  7.231161e-15 -1.975467e-15 -3.111722e-15  6.952629e-15 -1.065316e-14  1.287508e-14 -1.501036e-14  1.666039e-14 -1.679737e-14  1.624951e-14 -1.524834e-14  1.339256e-14 -1.094779e-14  8.677107e-15 -5.742134e-15  2.932025e-15 -4.471041e-17 -2.635630e-15  5.274031e-15 -7.585452e-15  9.606343e-15 -1.132044e-14  1.251243e-14 -1.336842e-14  1.356748e-14 -1.349356e-14 