#    
#    

#------------ Parameters ------------
calcul_type   : STD
calcul_method : RCWA
theta_i = 0.000000 deg
phi_i   = 0.000000 deg
psi     = 0.000000 deg
n_super = 1.000000 + i0.000000
n_sub   = 1.300000 + i7.100000
L       = 0.833333
h       = 0.800000
coef_h  = 1.000000
lambda  = 0.600000
N       = 20
NS      = 50
delta_h = 0.016000
Nstep   = 50
N_x = 256

#------------ Efficiencies -------------
sum_eff           =  8.066492e-01
one_minus_sum_eff =  1.933508e-01
somm_eff_r        =  8.064042e-01
somm_eff_t        =  2.449572e-04

theta_r = -8.038024e-01  nan  8.038024e-01 
phi_r = -0.000000e+00  nan  0.000000e+00 
N_eff_r = -1.000000e+00  0.000000e+00  1.000000e+00 
eff_r =  3.124670e-01  1.814703e-01  3.124670e-01 
theta_t =  nan 
phi _t =  nan 
N_eff_t = -2.147484e+09 
eff_t =  2.449572e-04 
Re_Exi =  0.000000e+00  0.000000e+00  0.000000e+00  0.000000e+00  0.000000e+00  0.000000e+00  0.000000e+00  0.000000e+00  0.000000e+00  0.000000e+00  0.000000e+00  0.000000e+00  0.000000e+00  0.000000e+00  0.000000e+00  0.000000e+00  0.000000e+00  0.000000e+00  0.000000e+00  0.000000e+00  0.000000e+00  0.000000e+00  0.000000e+00  0.000000e+00  0.000000e+00  0.000000e+00  0.000000e+00  0.000000e+00  0.000000e+00  0.000000e+00  0.000000e+00  0.000000e+00  0.000000e+00  0.000000e+00  0.000000e+00  0.000000e+00  0.000000e+00  0.000000e+00  0.000000e+00  0.000000e+00  0.000000e+00 
Im_Exi =  0.000000e+00  0.000000e+00  0.000000e+00  0.000000e+00  0.000000e+00  0.000000e+00  0.000000e+00  0.000000e+00  0.000000e+00  0.000000e+00  0.000000e+00  0.000000e+00  0.000000e+00  0.000000e+00  0.000000e+00  0.000000e+00  0.000000e+00  0.000000e+00  0.000000e+00  0.000000e+00  0.000000e+00  0.000000e+00  0.000000e+00  0.000000e+00  0.000000e+00  0.000000e+00  0.000000e+00  0.000000e+00  0.000000e+00  0.000000e+00  0.000000e+00  0.000000e+00  0.000000e+00  0.000000e+00  0.000000e+00  0.000000e+00  0.000000e+00  0.000000e+00  0.000000e+00  0.000000e+00  0.000000e+00 
Re_Eyi =  0.000000e+00  0.000000e+00  0.000000e+00  0.000000e+00  0.000000e+00  0.000000e+00  0.000000e+00  0.000000e+00  0.000000e+00  0.000000e+00  0.000000e+00  0.000000e+00  0.000000e+00  0.000000e+00  0.000000e+00  0.000000e+00  0.000000e+00  0.000000e+00  0.000000e+00  0.000000e+00 -4.999998e-01  0.000000e+00  0.000000e+00  0.000000e+00  0.000000e+00  0.000000e+00  0.000000e+00  0.000000e+00  0.000000e+00  0.000000e+00  0.000000e+00  0.000000e+00  0.000000e+00  0.000000e+00  0.000000e+00  0.000000e+00  0.000000e+00  0.000000e+00  0.000000e+00  0.000000e+00  0.000000e+00 
Im_Eyi =  0.000000e+00  0.000000e+00  0.000000e+00  0.000000e+00  0.000000e+00  0.000000e+00  0.000000e+00  0.000000e+00  0.000000e+00  0.000000e+00  0.000000e+00  0.000000e+00  0.000000e+00  0.000000e+00  0.000000e+00  0.000000e+00  0.000000e+00  0.000000e+00  0.000000e+00  0.000000e+00 -8.660255e-01  0.000000e+00  0.000000e+00  0.000000e+00  0.000000e+00  0.000000e+00  0.000000e+00  0.000000e+00  0.000000e+00  0.000000e+00  0.000000e+00  0.000000e+00  0.000000e+00  0.000000e+00  0.000000e+00  0.000000e+00  0.000000e+00  0.000000e+00  0.000000e+00  0.000000e+00  0.000000e+00 
Re_Hpxi =  0.000000e+00  0.000000e+00  0.000000e+00  0.000000e+00  0.000000e+00  0.000000e+00  0.000000e+00  0.000000e+00  0.000000e+00  0.000000e+00  0.000000e+00  0.000000e+00  0.000000e+00  0.000000e+00  0.000000e+00  0.000000e+00  0.000000e+00  0.000000e+00  0.000000e+00  0.000000e+00  1.047198e+01  0.000000e+00  0.000000e+00  0.000000e+00  0.000000e+00  0.000000e+00  0.000000e+00  0.000000e+00  0.000000e+00  0.000000e+00  0.000000e+00  0.000000e+00  0.000000e+00  0.000000e+00  0.000000e+00  0.000000e+00  0.000000e+00  0.000000e+00  0.000000e+00  0.000000e+00  0.000000e+00 
Im_Hpxi =  0.000000e+00  0.000000e+00  0.000000e+00  0.000000e+00  0.000000e+00  0.000000e+00  0.000000e+00  0.000000e+00  0.000000e+00  0.000000e+00  0.000000e+00  0.000000e+00  0.000000e+00  0.000000e+00  0.000000e+00  0.000000e+00  0.000000e+00  0.000000e+00  0.000000e+00  0.000000e+00  0.000000e+00  0.000000e+00  0.000000e+00  0.000000e+00  0.000000e+00  0.000000e+00  0.000000e+00  0.000000e+00  0.000000e+00  0.000000e+00  0.000000e+00  0.000000e+00  0.000000e+00  0.000000e+00  0.000000e+00  0.000000e+00  0.000000e+00  0.000000e+00  0.000000e+00  0.000000e+00  0.000000e+00 
Re_Hpyi =  0.000000e+00  0.000000e+00  0.000000e+00  0.000000e+00  0.000000e+00  0.000000e+00  0.000000e+00  0.000000e+00  0.000000e+00  0.000000e+00  0.000000e+00  0.000000e+00  0.000000e+00  0.000000e+00  0.000000e+00  0.000000e+00  0.000000e+00  0.000000e+00  0.000000e+00  0.000000e+00  0.000000e+00  0.000000e+00  0.000000e+00  0.000000e+00  0.000000e+00  0.000000e+00  0.000000e+00  0.000000e+00  0.000000e+00  0.000000e+00  0.000000e+00  0.000000e+00  0.000000e+00  0.000000e+00  0.000000e+00  0.000000e+00  0.000000e+00  0.000000e+00  0.000000e+00  0.000000e+00  0.000000e+00 
Im_Hpyi =  0.000000e+00  0.000000e+00  0.000000e+00  0.000000e+00  0.000000e+00  0.000000e+00  0.000000e+00  0.000000e+00  0.000000e+00  0.000000e+00  0.000000e+00  0.000000e+00  0.000000e+00  0.000000e+00  0.000000e+00  0.000000e+00  0.000000e+00  0.000000e+00  0.000000e+00  0.000000e+00 -0.000000e+00  0.000000e+00  0.000000e+00  0.000000e+00  0.000000e+00  0.000000e+00  0.000000e+00  0.000000e+00  0.000000e+00  0.000000e+00  0.000000e+00  0.000000e+00  0.000000e+00  0.000000e+00  0.000000e+00  0.000000e+00  0.000000e+00  0.000000e+00  0.000000e+00  0.000000e+00  0.000000e+00 
Re_Exr = -1.008293e+38 -4.229506e+35 -7.105327e+32 -8.233869e+29 -1.478398e+27 -4.266993e+24 -6.064065e+21 -6.438036e+18 -3.663685e+15 -1.365738e+13 -3.964722e+10  1.863584e+08  3.360254e+05  1.538303e+03  2.877881e+00  3.583160e-03  7.919810e-06 -1.982713e-09  4.063241e-11 -3.426234e-15 -2.165580e-14 -6.399062e-15  1.794850e-12  3.303104e-09  1.531592e-05  4.224631e-03 -3.366776e+00  8.085143e+02  1.591071e+05  3.575280e+07 -2.147646e+10 -7.004931e+13 -4.429784e+16 -1.138778e+19 -8.687456e+21 -5.870571e+24 -2.571703e+27 -1.608231e+30 -1.105787e+33 -5.828841e+35 -1.797822e+38 
Im_Exr = -5.294567e+37 -1.160422e+35 -3.399708e+32 -8.731644e+29 -1.339039e+27 -3.084544e+24 -7.690889e+21 -1.386929e+19  6.221875e+15  2.033766e+13  1.274159e+10  1.819423e+08  6.098831e+05  6.683973e+02 -2.183053e+00  8.729858e-03  3.149264e-06 -3.108911e-08  3.636809e-11 -1.338848e-14 -1.494668e-15  9.129858e-15  8.911527e-11  3.082843e-08  7.215192e-06 -4.112424e-03  3.348970e+00 -1.139656e+02 -7.918695e+05 -4.089260e+06  1.049154e+11  3.177212e+13  2.249235e+16  5.458521e+18 -5.179581e+21 -2.288745e+23 -8.922132e+26 -5.417700e+29 -3.053807e+32 -1.438484e+35 -8.566803e+37 
Re_Eyr = -5.109381e-04 -5.214319e-04 -5.099347e-04 -4.715497e-04 -4.004158e-04 -2.890464e-04 -1.272312e-04  9.976678e-05  4.141986e-04  8.508668e-04  1.465862e-03  2.352295e-03  3.670116e-03  5.706703e-03  9.012137e-03  1.474261e-02  2.570573e-02  5.062423e-02  1.374191e-01 -3.538686e-01  3.652553e-01 -3.538686e-01  1.374191e-01  5.062423e-02  2.570573e-02  1.474261e-02  9.012137e-03  5.706703e-03  3.670116e-03  2.352295e-03  1.465862e-03  8.508668e-04  4.141986e-04  9.976678e-05 -1.272312e-04 -2.890464e-04 -4.004158e-04 -4.715497e-04 -5.099347e-04 -5.214319e-04 -5.109381e-04 
Im_Eyr =  1.761421e-04  1.805531e-04  1.769648e-04  1.633143e-04  1.370919e-04  9.510267e-05  3.309185e-05 -5.483326e-05 -1.770951e-04 -3.460413e-04 -5.802024e-04 -9.081261e-04 -1.375261e-03 -2.056837e-03 -3.081895e-03 -4.672614e-03 -7.157298e-03 -1.030977e-02  4.335669e-03  5.701179e-01 -2.192232e-01  5.701179e-01  4.335669e-03 -1.030977e-02 -7.157298e-03 -4.672614e-03 -3.081895e-03 -2.056837e-03 -1.375261e-03 -9.081261e-04 -5.802024e-04 -3.460413e-04 -1.770951e-04 -5.483326e-05  3.309185e-05  9.510267e-05  1.370919e-04  1.633143e-04  1.769648e-04  1.805531e-04  1.761421e-04 
Re_Hpxr =  4.883989e+50  1.124215e+48  2.463174e+45  5.055362e+42  9.381693e+39  1.428933e+37  1.082882e+34 -3.870593e+31 -2.665575e+29 -1.094979e+27 -3.791799e+24 -1.198154e+22 -3.554414e+19 -9.990481e+16 -2.649027e+14 -6.471428e+11 -1.357522e+09 -1.910829e+06  2.769219e+02  4.167600e+00  3.900606e+00  4.167600e+00  2.769219e+02 -1.910829e+06 -1.357522e+09 -6.471428e+11 -2.649027e+14 -9.990481e+16 -3.554414e+19 -1.198154e+22 -3.791799e+24 -1.094979e+27 -2.665575e+29 -3.870593e+31  1.082882e+34  1.428933e+37  9.381693e+39  5.055362e+42  2.463174e+45  1.124215e+48  4.883989e+50 
Im_Hpxr =  1.416706e+51  3.246698e+48  7.097782e+45  1.459673e+43  2.740190e+40  4.342968e+37  4.163453e+34 -7.042378e+31 -6.234377e+29 -2.692400e+27 -9.579851e+24 -3.103546e+22 -9.485554e+19 -2.771863e+17 -7.746334e+14 -2.041807e+12 -4.875596e+09 -9.382776e+06 -8.777044e+03 -2.531939e+00  2.164650e+00 -2.531939e+00 -8.777044e+03 -9.382776e+06 -4.875596e+09 -2.041807e+12 -7.746334e+14 -2.771863e+17 -9.485554e+19 -3.103546e+22 -9.579851e+24 -2.692400e+27 -6.234377e+29 -7.042378e+31  4.163453e+34  4.342968e+37  2.740190e+40  1.459673e+43  7.097782e+45  3.246698e+48  1.416706e+51 
Re_Hpyr = -2.093997e-15 -2.043754e-15 -2.678494e-15 -3.093323e-15 -2.145760e-15 -2.251278e-15 -2.577352e-15 -2.154656e-15  4.533087e-16  7.048231e-16  2.138037e-16  1.512252e-15  2.587742e-15  1.509056e-15 -2.785179e-15  6.912326e-15  1.820827e-15 -1.839469e-14  6.244197e-14 -1.374921e-13  1.269446e-13 -2.380353e-14  1.530059e-13  1.824046e-14  4.171645e-15 -3.256229e-15  4.272677e-15 -2.573029e-16 -3.359913e-15 -3.398877e-17  1.760477e-15  1.101097e-15  1.638730e-15  8.480058e-16 -1.735769e-15 -1.670458e-16 -1.429738e-15 -1.919306e-15 -2.405973e-15 -2.533483e-15 -3.388164e-15 
Im_Hpyr =  3.987792e-15  7.449077e-15  5.598004e-15  2.916978e-15  2.369078e-15  3.114297e-15  2.032175e-15  1.000178e-15  2.669260e-16  4.733109e-16  6.652795e-16 -1.548958e-15 -1.425760e-15 -3.473063e-15 -3.671652e-15 -2.837156e-15 -4.579038e-15  1.173125e-15 -6.976357e-14 -1.567967e-13 -1.885704e-13  1.665459e-13 -3.081657e-15 -1.954369e-15 -8.855282e-15 -3.345075e-15  4.295393e-15 -1.825402e-15 -6.750933e-16 -2.971671e-16  3.603746e-16  2.427633e-15  3.227418e-15  1.769142e-15  2.911320e-15  4.284681e-15  4.121057e-15  5.697413e-15  8.712058e-15  1.026585e-14  7.110372e-15 
Re_Ext =  2.008379e-16 -1.820499e-16  1.625202e-16 -1.353660e-16  9.592856e-17 -6.804487e-17  3.271089e-17  5.765537e-18 -2.777624e-17  7.567713e-17 -1.451760e-16  1.631596e-16 -1.971482e-16  2.283898e-16 -2.754429e-16  2.748133e-16 -2.690243e-16  2.544675e-16 -2.425706e-16  2.323266e-16 -2.374265e-16  2.609214e-16 -2.931658e-16  3.352415e-16 -3.627338e-16  3.771352e-16 -3.751911e-16  3.427182e-16 -3.260988e-16  2.359952e-16 -1.676785e-16  9.511502e-17 -5.360787e-17 -3.544111e-17  1.185080e-16 -1.749793e-16  2.329681e-16 -2.964554e-16  3.484117e-16 -4.030762e-16  4.533098e-16 
Im_Ext =  1.011933e-15 -9.268401e-16  8.272478e-16 -7.191430e-16  5.852070e-16 -4.604097e-16  3.011612e-16 -1.335579e-16 -2.551041e-17  2.114349e-16 -4.018991e-16  6.381365e-16 -8.268350e-16  1.053773e-15 -1.308019e-15  1.566773e-15 -1.828073e-15  2.061305e-15 -2.249310e-15  2.376190e-15 -2.414951e-15  2.347386e-15 -2.204836e-15  1.982719e-15 -1.727305e-15  1.457051e-15 -1.195200e-15  8.916821e-16 -6.949568e-16  4.995757e-16 -2.892290e-16  1.491416e-16 -1.537876e-17 -8.607223e-17  2.018702e-16 -2.893508e-16  3.786598e-16 -4.400591e-16  4.948043e-16 -5.468343e-16  5.838440e-16 
Re_Eyt =  1.338976e-05 -1.374792e-05  1.356896e-05 -1.269666e-05  1.089463e-05 -7.771559e-06  2.646435e-06  5.687989e-06 -1.936636e-05  4.210019e-05 -8.015816e-05  1.436822e-04 -2.480786e-04  4.146080e-04 -6.682606e-04  1.030044e-03 -1.501681e-03  2.046036e-03 -2.576017e-03  2.969577e-03 -3.115822e-03  2.969577e-03 -2.576017e-03  2.046036e-03 -1.501681e-03  1.030044e-03 -6.682606e-04  4.146080e-04 -2.480786e-04  1.436822e-04 -8.015816e-05  4.210019e-05 -1.936636e-05  5.687989e-06  2.646435e-06 -7.771559e-06  1.089463e-05 -1.269666e-05  1.356896e-05 -1.374792e-05  1.338976e-05 
Im_Eyt = -6.198378e-05  5.591113e-05 -4.474609e-05  2.729182e-05 -1.970780e-06 -3.339334e-05  8.189232e-05 -1.479713e-04  2.379932e-04 -3.608858e-04  5.287086e-04 -7.567647e-04  1.062541e-03 -1.462415e-03  1.965097e-03 -2.561932e-03  3.217156e-03 -3.864663e-03  4.417717e-03 -4.790642e-03  4.922243e-03 -4.790642e-03  4.417717e-03 -3.864663e-03  3.217156e-03 -2.561932e-03  1.965097e-03 -1.462415e-03  1.062541e-03 -7.567647e-04  5.287086e-04 -3.608858e-04  2.379932e-04 -1.479713e-04  8.189232e-05 -3.339334e-05 -1.970780e-06  2.729182e-05 -4.474609e-05  5.591113e-05 -6.198378e-05 
Re_Hpxt =  1.047466e-02 -9.085329e-03  6.992808e-03 -4.118350e-03  3.564217e-04  4.445455e-03 -1.051342e-02  1.818081e-02 -2.792699e-02  4.041601e-02 -5.652191e-02  7.731411e-02 -1.039582e-01  1.374701e-01 -1.782680e-01  2.255382e-01 -2.765975e-01  3.266464e-01 -3.693327e-01  3.981842e-01 -4.083913e-01  3.981842e-01 -3.693327e-01  3.266464e-01 -2.765975e-01  2.255382e-01 -1.782680e-01  1.374701e-01 -1.039582e-01  7.731411e-02 -5.652191e-02  4.041601e-02 -2.792699e-02  1.818081e-02 -1.051342e-02  4.445455e-03  3.564217e-04 -4.118350e-03  6.992808e-03 -9.085329e-03  1.047466e-02 
Im_Hpxt =  1.871137e-03 -1.861106e-03  1.799980e-03 -1.688444e-03  1.524583e-03 -1.298767e-03  9.848046e-04 -5.250870e-04 -1.935321e-04  1.377027e-03 -3.377806e-03  6.762732e-03 -1.237901e-02  2.136997e-02 -3.504260e-02  5.444714e-02 -7.958212e-02  1.084099e-01 -1.363312e-01  1.569916e-01 -1.646553e-01  1.569916e-01 -1.363312e-01  1.084099e-01 -7.958212e-02  5.444714e-02 -3.504260e-02  2.136997e-02 -1.237901e-02  6.762732e-03 -3.377806e-03  1.377027e-03 -1.935321e-04 -5.250870e-04  9.848046e-04 -1.298767e-03  1.524583e-03 -1.688444e-03  1.799980e-03 -1.861106e-03  1.871137e-03 
Re_Hpyt =  3.044777e-14 -2.912400e-14  2.716555e-14 -2.478713e-14  2.131750e-14 -1.769701e-14  1.232058e-14 -6.022300e-15 -8.095790e-16  9.356541e-15 -1.879175e-14  3.255867e-14 -4.476798e-14  6.050338e-14 -7.908742e-14  1.000208e-13 -1.222526e-13  1.431857e-13 -1.606323e-13  1.726207e-13 -1.763219e-13  1.700985e-13 -1.566883e-13  1.364495e-13 -1.139518e-13  9.123833e-14 -7.044000e-14  4.897769e-14 -3.525232e-14  2.390012e-14 -1.260934e-14  6.007629e-15  2.328732e-17 -3.351745e-15  6.988760e-15 -9.434084e-15  1.167752e-14 -1.260410e-14  1.332782e-14 -1.385290e-14  1.388528e-14 
Im_Hpyt = -1.751936e-14  1.656267e-14 -1.532678e-14  1.360197e-14 -1.093508e-14  8.621379e-15 -5.344412e-15  1.548971e-15  1.654856e-15 -6.733895e-15  1.336035e-14 -1.830280e-14  2.361500e-14 -2.949386e-14  3.685037e-14 -4.116301e-14  4.486637e-14 -4.722080e-14  4.886639e-14 -4.969429e-14  5.052901e-14 -5.141580e-14  5.193871e-14 -5.186297e-14  4.988161e-14 -4.635289e-14  4.152406e-14 -3.401941e-14  2.909923e-14 -2.025866e-14  1.290025e-14 -6.808768e-15  2.724232e-15  2.741020e-15 -7.671494e-15  1.074972e-14 -1.364776e-14  1.616894e-14 -1.799039e-14  1.971678e-14 -2.099167e-14 