CD hPoly EcartQ_tanPsi EcartQ_cosDelta
100.000000 150.000000 0.087444 0.309576
100.000000 160.000000 0.067914 0.169986
100.000000 170.000000 0.045374 0.065213
100.000000 180.000000 0.034025 0.024638
100.000000 190.000000 0.034884 0.048477
100.000000 200.000000 0.040311 0.126935
110.000000 150.000000 0.051699 0.258612
110.000000 160.000000 0.037408 0.126594
110.000000 170.000000 0.018872 0.036954
110.000000 180.000000 0.006995 0.006636
110.000000 190.000000 0.006872 0.037379
110.000000 200.000000 0.017385 0.125681
120.000000 150.000000 0.033854 0.211201
120.000000 160.000000 0.024960 0.093837
120.000000 170.000000 0.012442 0.023428
120.000000 180.000000 0.006496 0.011869
120.000000 190.000000 0.010541 0.057301
120.000000 200.000000 0.023962 0.152858
130.000000 150.000000 0.035041 0.173744
130.000000 160.000000 0.028666 0.080441
130.000000 170.000000 0.019582 0.034973
130.000000 180.000000 0.016832 0.041300
130.000000 190.000000 0.022894 0.091676
130.000000 200.000000 0.036097 0.235357
140.000000 150.000000 0.044604 0.155519
140.000000 160.000000 0.039827 0.091652
140.000000 170.000000 0.030798 0.063451
140.000000 180.000000 0.028565 0.076312
140.000000 190.000000 0.035075 0.162423
140.000000 200.000000 0.047290 0.298089
150.000000 150.000000 0.053803 0.163190
150.000000 160.000000 0.054920 0.123533
150.000000 170.000000 0.042680 0.100847
150.000000 180.000000 0.040088 0.119446
150.000000 190.000000 0.047892 0.215304
150.000000 200.000000 0.059812 0.350353
