#    
#    

#------------ Parameters ------------
calcul_type   : ELLIPSO
calcul_method : RCWA
theta_i = 30.000000 deg
phi_i   = 0.000000 deg
psi     = 90.000000 deg
n_super = 1.000000 + i0.000000
n_sub   = 1.500000 + i0.000000
L       = 3.100000
h       = 10.000000
coef_h  = 1.000000
lambda  = 1.000000
N       = 8
NS      = 105
delta_h = 0.095238
Nstep   = 105
N_x = 2048
Calcul_duration = 9.540000 s 

#------------ Results -------------
sum_eff           =  1.000000e+00
one_minus_sum_eff = -4.218847e-15
somm_eff_r        =  7.443888e-04
somm_eff_t        =  9.992556e-01

theta_r = -5.221567109146e+01 -2.788782216763e+01 -8.346620412575e+00  1.021947988565e+01  3.000000000000e+01  5.534396788167e+01 
phi_r = -0.000000000000e+00 -0.000000000000e+00 -0.000000000000e+00 -0.000000000000e+00 -0.000000000000e+00 -0.000000000000e+00 
N_eff_r = -4.000000000000e+00 -3.000000000000e+00 -2.000000000000e+00 -1.000000000000e+00  0.000000000000e+00  1.000000000000e+00 
eff_r =  4.428630611464e-04  1.328593059513e-04  1.017111399313e-04  3.484477008674e-05  2.330124222935e-05  8.809292102302e-06 
theta_t = -7.313466458681e+01 -4.789655395607e+01 -3.179500812527e+01 -1.816942744558e+01 -5.553444957354e+00  6.792821674187e+00  1.947122063449e+01  3.325643173927e+01  4.976848395442e+01  7.809601570890e+01 
phi _t =  0.000000000000e+00  0.000000000000e+00 -0.000000000000e+00  0.000000000000e+00  0.000000000000e+00  0.000000000000e+00  0.000000000000e+00  0.000000000000e+00 -0.000000000000e+00  0.000000000000e+00 
N_eff_t = -6.000000000000e+00 -5.000000000000e+00 -4.000000000000e+00 -3.000000000000e+00 -2.000000000000e+00 -1.000000000000e+00  0.000000000000e+00  1.000000000000e+00  2.000000000000e+00  3.000000000000e+00 
eff_t =  3.278887742799e-04  1.343893462215e-02  2.340275225441e-03  8.390703625273e-02  7.359385347112e-02  2.881287999256e-01  4.278811390870e-01  8.434511701276e-02  2.458650035604e-02  7.060664614295e-04 
Re_Exi =  0.000000000000e+00  0.000000000000e+00  0.000000000000e+00  0.000000000000e+00  0.000000000000e+00  0.000000000000e+00  0.000000000000e+00  0.000000000000e+00  8.660254037844e-01  0.000000000000e+00  0.000000000000e+00  0.000000000000e+00  0.000000000000e+00  0.000000000000e+00  0.000000000000e+00  0.000000000000e+00  0.000000000000e+00 
Im_Exi =  0.000000000000e+00  0.000000000000e+00  0.000000000000e+00  0.000000000000e+00  0.000000000000e+00  0.000000000000e+00  0.000000000000e+00  0.000000000000e+00  0.000000000000e+00  0.000000000000e+00  0.000000000000e+00  0.000000000000e+00  0.000000000000e+00  0.000000000000e+00  0.000000000000e+00  0.000000000000e+00  0.000000000000e+00 
Re_Eyi =  0.000000000000e+00  0.000000000000e+00  0.000000000000e+00  0.000000000000e+00  0.000000000000e+00  0.000000000000e+00  0.000000000000e+00  0.000000000000e+00 -3.272628374521e-17 -0.000000000000e+00  0.000000000000e+00  0.000000000000e+00  0.000000000000e+00  0.000000000000e+00  0.000000000000e+00  0.000000000000e+00  0.000000000000e+00 
Im_Eyi =  0.000000000000e+00  0.000000000000e+00  0.000000000000e+00  0.000000000000e+00  0.000000000000e+00  0.000000000000e+00  0.000000000000e+00  0.000000000000e+00  5.175076962503e-17  0.000000000000e+00  0.000000000000e+00  0.000000000000e+00  0.000000000000e+00  0.000000000000e+00  0.000000000000e+00  0.000000000000e+00  0.000000000000e+00 
Re_Hpxi =  0.000000000000e+00  0.000000000000e+00  0.000000000000e+00  0.000000000000e+00  0.000000000000e+00  0.000000000000e+00  0.000000000000e+00  0.000000000000e+00  3.331785339000e-16  0.000000000000e+00  0.000000000000e+00  0.000000000000e+00  0.000000000000e+00  0.000000000000e+00  0.000000000000e+00  0.000000000000e+00  0.000000000000e+00 
Im_Hpxi =  0.000000000000e+00  0.000000000000e+00  0.000000000000e+00  0.000000000000e+00  0.000000000000e+00  0.000000000000e+00  0.000000000000e+00  0.000000000000e+00  0.000000000000e+00  0.000000000000e+00  0.000000000000e+00  0.000000000000e+00  0.000000000000e+00  0.000000000000e+00  0.000000000000e+00  0.000000000000e+00  0.000000000000e+00 
Re_Hpyi =  0.000000000000e+00  0.000000000000e+00  0.000000000000e+00  0.000000000000e+00  0.000000000000e+00  0.000000000000e+00  0.000000000000e+00  0.000000000000e+00  3.358226985262e+00 -0.000000000000e+00  0.000000000000e+00  0.000000000000e+00  0.000000000000e+00  0.000000000000e+00  0.000000000000e+00  0.000000000000e+00  0.000000000000e+00 
Im_Hpyi =  0.000000000000e+00  0.000000000000e+00  0.000000000000e+00  0.000000000000e+00  0.000000000000e+00  0.000000000000e+00  0.000000000000e+00  0.000000000000e+00 -5.310435869099e+00  0.000000000000e+00  0.000000000000e+00  0.000000000000e+00  0.000000000000e+00  0.000000000000e+00  0.000000000000e+00  0.000000000000e+00  0.000000000000e+00 
Re_Exr =  2.875572462023e+47 -3.609295734834e+37 -9.311914228230e+25  2.964282234710e+11  4.564566774699e-03  7.258421070762e-03 -9.220832657111e-03 -4.026766975154e-03  1.117583288486e-03  6.440923923080e-04  1.685480144953e+12 -2.828509995544e+27  4.833839035308e+38  2.983101965692e+48 -5.730449347585e+58 -1.016940495752e+67  4.112930885852e+77 
Im_Exr = -7.480821273128e+47 -1.678051362807e+37  1.632108012067e+26  2.036932147644e+11 -1.463388128656e-02 -7.000887528273e-03 -1.458658974266e-03  3.671902058637e-03  4.028267526531e-03  1.980758513451e-03 -2.897377109550e+13  2.322468556723e+27  2.835450265855e+38 -9.233854171548e+48 -9.418389975726e+57  1.878201203571e+68 -1.154613357301e+76 
Re_Eyr =  1.226939895134e-17 -4.947683716724e-17  1.269095759537e-16  3.229812764371e-16  9.648253221176e-16  8.621408040289e-16 -1.099487340552e-15  7.352537170459e-16  2.369434907646e-15 -6.409442114719e-16  2.180178853430e-16  2.092691986263e-16  1.146465276282e-16 -7.920166113391e-17 -2.408863223910e-17  6.444689949080e-17 -6.214084674066e-17 
Im_Eyr =  3.819422788594e-17  4.590991979766e-17  5.334355332047e-17  2.295928807669e-16 -1.535942114859e-15  1.200743782087e-15  4.466266219994e-16 -5.502254770684e-17  4.914661786074e-16 -2.019002770927e-15  5.352385598362e-16  7.306369469859e-18 -8.082441732283e-18  7.626351016059e-17  8.404911506887e-17 -8.873655071607e-17 -2.412421636713e-17 
Re_Hpxr =  2.688807129913e+34  1.193513236620e+24  4.369243035811e+12  1.498629505220e-02  1.636188825012e-15  3.129222210743e-15  7.090888787378e-15 -2.754369324746e-15  9.151290329211e-15 -7.536723615039e-15  3.166406944965e+00  1.023007623041e+13 -2.510186482971e+24  5.495594543398e+35  4.645890923108e+45 -1.976746483723e+55 -1.432749534000e+64 
Im_Hpxr = -8.637443196553e+33  1.286241847632e+24 -1.039486022954e+13 -2.108206791454e-02  6.788236072721e-15 -7.589353481041e-15  2.036432751861e-15 -3.633093483450e-15 -9.467629724205e-15 -6.929542016422e-16 -1.289767587910e+00 -2.930100733962e+14 -3.560609200836e+25  5.707319474792e+35  1.331520953885e+45 -1.435656231026e+55  3.690576632837e+64 
Re_Hpyr = -4.195146191372e-02 -2.548263189452e-02  7.866551176170e-02  1.231970866073e-01  1.400819636934e-01 -1.496733270209e-02 -5.178008492394e-02  5.726630131206e-03  2.036748336535e-02  1.740085972946e-02 -1.933505560908e-01  6.548356873318e-02  3.604278710512e-02 -5.058769077073e-02 -6.726676492470e-03  3.328537234379e-02 -7.675015357761e-04 
Im_Hpyr = -1.612583220696e-02  5.481021418521e-02  4.488223161879e-02 -1.792847815870e-01 -7.134171576826e-02 -7.010840980011e-02  2.887012371555e-02  3.431805614034e-02 -2.247357988378e-02 -1.506181591006e-02 -1.124770821970e-02  7.975174870271e-02 -6.144527849708e-02 -1.634293080380e-02  4.092724873045e-02  1.802216023940e-03 -2.733972157409e-02 
Re_Ext =  1.095672110112e-03 -4.676309035469e-03 -7.169604319534e-03 -7.212462307392e-02  3.800148391341e-03  5.177288609718e-02 -1.678672301024e-01  3.556611171414e-01 -1.070204063820e-01  9.675381700918e-02  5.462884102137e-03 -7.684323935842e-03  5.874644281616e-03 -5.336812303230e-03 -3.327768870381e-03  6.104712731808e-03  1.630537966862e-03 
Im_Ext =  4.990776599312e-03  2.879234296708e-03 -1.875911053255e-03  4.546463003487e-04  3.367433241446e-02 -2.082014501784e-01  1.187880218415e-01 -1.966943819934e-01  4.705907181651e-01 -1.770877110548e-01  9.559500911646e-02 -5.003754352929e-03  3.376724744979e-03  4.571542847576e-03 -5.991664636553e-03 -2.360239918487e-03  5.958568622817e-03 
Re_Eyt =  1.582199744523e-16 -1.291483261186e-17 -5.607960421835e-16 -7.803740213570e-16  5.844054530677e-16  2.045561887357e-16 -1.522500416777e-16 -7.765085031273e-16  3.135607825115e-16 -1.275524060339e-18 -4.032575694693e-16  9.714877188924e-16 -7.440201123260e-17  1.606402816738e-16  9.976292235032e-18 -2.839442473589e-17  1.254584475129e-16 
Im_Eyt =  3.888218906372e-18 -2.788073752716e-16  5.433562193625e-16 -5.007519410899e-16  1.764413832668e-16 -1.180948149153e-16 -8.846719408992e-16  6.662444289254e-16 -4.167135528604e-16  1.914216569347e-17 -6.262965783514e-16 -7.322912152554e-17  9.166370473181e-19 -8.029444304696e-17 -7.661777080220e-17  4.133714093451e-17  7.692543188569e-17 
Re_Hpxt = -3.522626992944e-17  1.606305609270e-15 -1.533411134475e-15 -4.931216685957e-15  4.681369707852e-15  1.831768985823e-15 -1.428187828011e-15 -7.267047365409e-15  2.786227701392e-15 -1.005270001854e-17 -2.454731303903e-15  1.888640092628e-15 -5.629073940891e-18  7.507398978191e-16  9.236907997366e-16 -6.011431389364e-16 -1.300559855897e-15 
Im_Hpxt =  1.433432546493e-15 -7.440681239872e-17  1.485724602322e-15 -3.164272848465e-15  1.413380628981e-15 -1.057520775516e-15 -8.298701818748e-15  6.235127886483e-15 -3.702819068205e-15  1.508638334666e-16 -3.812426431152e-15 -1.423625354922e-16 -4.569032244602e-16  1.501960335896e-15  1.202724806073e-16 -4.129243878059e-16  2.121095929119e-15 
Re_Hpyt = -4.893216527550e-02 -4.439104243824e-02  2.329076591646e-01  1.013851920300e+00 -4.213899072364e-02 -5.135545154989e-01  1.589572248380e+00 -3.375723507830e+00  1.069828059487e+00 -1.090476458225e+00 -7.971550631668e-02  3.511042037660e-01 -4.884255427679e-02 -4.343112134786e-02  4.414613083828e-02  1.441653686714e-02 -3.130572736619e-02 
Im_Hpyt =  1.074253830298e-02 -7.209772163565e-02  6.093977195144e-02 -6.390938420480e-03 -3.734070975942e-01  2.065227630383e+00 -1.124830277142e+00  1.866905931382e+00 -4.704253813331e+00  1.995890042538e+00 -1.394941648146e+00  2.286263830877e-01  8.497365164522e-02 -5.070142629751e-02 -2.451874877228e-02  3.728808053455e-02  8.566684430779e-03 
eff_r_TE   =  7.680550691393e-04  3.389495468538e-04  2.689409205331e-04  2.155947396324e-04  3.176532688853e-04  8.460412502524e-04 
eff_r_TM   =  4.428630611464e-04  1.328593059513e-04  1.017111399313e-04  3.484477008674e-05  2.330124222935e-05  8.809292102302e-06 
delta_r    =  nan  nan  nan  nan  1.350275879782e+02  nan 
eff_t_TE   =  1.838759097900e-03  2.143656224241e-02  2.505952139450e-03  3.906776254327e-02  4.521641286464e-02  4.194208126115e-01  3.980468187511e-01  3.733603350923e-02  3.014025675568e-02  2.235394689490e-03 
eff_t_TM   =  3.278887742799e-04  1.343893462215e-02  2.340275225441e-03  8.390703625273e-02  7.359385347112e-02  2.881287999256e-01  4.278811390870e-01  8.434511701276e-02  2.458650035604e-02  7.060664614295e-04 
delta_t    =  nan  nan  nan  nan  nan  nan -7.368064550230e+01  nan  nan  nan 
spec_tan_Psi =  2.708400422435e-01
spec_cos_delta =  7.074471718648e-01