#    
#    

#------------ Parameters ------------
calcul_type   : ELLIPSO
calcul_method : RCWA
theta_i = 66.050003 deg
phi_i   = 0.000000 deg
psi     = 90.000000 deg
n_super = 1.000000 + i0.000000
n_sub   = 3.713732 + i0.007156
L       = 310.000000
h       = 182.000000
coef_h  = 1.000000
lambda  = 770.000000
N       = 15
NS      = 4
delta_h = 0.100000
Nstep   = 1820
N_x = 131072
Calcul_duration = 2.320000 s 

#------------ Results -------------
sum_eff           =  9.988221e-01
one_minus_sum_eff =  1.177874e-03
somm_eff_r        =  3.845517e-01
somm_eff_t        =  6.142704e-01

theta_r =  6.605000305176e+01 
phi_r = -0.000000000000e+00 
N_eff_r =  0.000000000000e+00 
eff_r =  3.845517372880e-01 
theta_t = -2.500801042980e+01  1.424598100635e+01  6.619253507219e+01 
phi _t =  0.000000000000e+00  0.000000000000e+00 -0.000000000000e+00 
N_eff_t = -1.000000000000e+00  0.000000000000e+00  1.000000000000e+00 
eff_t =  3.364551881299e-01  2.667596299761e-01  1.105557034225e-02 
Re_Exi =  0.000000000000e+00  0.000000000000e+00  0.000000000000e+00  0.000000000000e+00  0.000000000000e+00  0.000000000000e+00  0.000000000000e+00  0.000000000000e+00  0.000000000000e+00  0.000000000000e+00  0.000000000000e+00  0.000000000000e+00  0.000000000000e+00  0.000000000000e+00  0.000000000000e+00  4.059392208208e-01  0.000000000000e+00  0.000000000000e+00  0.000000000000e+00  0.000000000000e+00  0.000000000000e+00  0.000000000000e+00  0.000000000000e+00  0.000000000000e+00  0.000000000000e+00  0.000000000000e+00  0.000000000000e+00  0.000000000000e+00  0.000000000000e+00  0.000000000000e+00  0.000000000000e+00 
Im_Exi =  0.000000000000e+00  0.000000000000e+00  0.000000000000e+00  0.000000000000e+00  0.000000000000e+00  0.000000000000e+00  0.000000000000e+00  0.000000000000e+00  0.000000000000e+00  0.000000000000e+00  0.000000000000e+00  0.000000000000e+00  0.000000000000e+00  0.000000000000e+00  0.000000000000e+00  0.000000000000e+00  0.000000000000e+00  0.000000000000e+00  0.000000000000e+00  0.000000000000e+00  0.000000000000e+00  0.000000000000e+00  0.000000000000e+00  0.000000000000e+00  0.000000000000e+00  0.000000000000e+00  0.000000000000e+00  0.000000000000e+00  0.000000000000e+00  0.000000000000e+00  0.000000000000e+00 
Re_Eyi =  0.000000000000e+00  0.000000000000e+00  0.000000000000e+00  0.000000000000e+00  0.000000000000e+00  0.000000000000e+00  0.000000000000e+00  0.000000000000e+00  0.000000000000e+00  0.000000000000e+00  0.000000000000e+00  0.000000000000e+00  0.000000000000e+00  0.000000000000e+00  0.000000000000e+00  5.043623127976e-17  0.000000000000e+00  0.000000000000e+00  0.000000000000e+00  0.000000000000e+00  0.000000000000e+00  0.000000000000e+00  0.000000000000e+00  0.000000000000e+00  0.000000000000e+00  0.000000000000e+00  0.000000000000e+00  0.000000000000e+00  0.000000000000e+00  0.000000000000e+00  0.000000000000e+00 
Im_Eyi =  0.000000000000e+00  0.000000000000e+00  0.000000000000e+00  0.000000000000e+00  0.000000000000e+00  0.000000000000e+00  0.000000000000e+00  0.000000000000e+00  0.000000000000e+00  0.000000000000e+00  0.000000000000e+00  0.000000000000e+00  0.000000000000e+00  0.000000000000e+00  0.000000000000e+00 -3.471798350784e-17  0.000000000000e+00  0.000000000000e+00  0.000000000000e+00  0.000000000000e+00  0.000000000000e+00  0.000000000000e+00  0.000000000000e+00  0.000000000000e+00  0.000000000000e+00  0.000000000000e+00  0.000000000000e+00  0.000000000000e+00  0.000000000000e+00  0.000000000000e+00  0.000000000000e+00 
Re_Hpxi =  0.000000000000e+00  0.000000000000e+00  0.000000000000e+00  0.000000000000e+00  0.000000000000e+00  0.000000000000e+00  0.000000000000e+00  0.000000000000e+00  0.000000000000e+00  0.000000000000e+00  0.000000000000e+00  0.000000000000e+00  0.000000000000e+00  0.000000000000e+00  0.000000000000e+00  2.028227513380e-19  0.000000000000e+00  0.000000000000e+00  0.000000000000e+00  0.000000000000e+00  0.000000000000e+00  0.000000000000e+00  0.000000000000e+00  0.000000000000e+00  0.000000000000e+00  0.000000000000e+00  0.000000000000e+00  0.000000000000e+00  0.000000000000e+00  0.000000000000e+00  0.000000000000e+00 
Im_Hpxi =  0.000000000000e+00  0.000000000000e+00  0.000000000000e+00  0.000000000000e+00  0.000000000000e+00  0.000000000000e+00  0.000000000000e+00  0.000000000000e+00  0.000000000000e+00  0.000000000000e+00  0.000000000000e+00  0.000000000000e+00  0.000000000000e+00  0.000000000000e+00  0.000000000000e+00  0.000000000000e+00  0.000000000000e+00  0.000000000000e+00  0.000000000000e+00  0.000000000000e+00  0.000000000000e+00  0.000000000000e+00  0.000000000000e+00  0.000000000000e+00  0.000000000000e+00  0.000000000000e+00  0.000000000000e+00  0.000000000000e+00  0.000000000000e+00  0.000000000000e+00  0.000000000000e+00 
Re_Hpyi =  0.000000000000e+00  0.000000000000e+00  0.000000000000e+00  0.000000000000e+00  0.000000000000e+00  0.000000000000e+00  0.000000000000e+00  0.000000000000e+00  0.000000000000e+00  0.000000000000e+00  0.000000000000e+00  0.000000000000e+00  0.000000000000e+00  0.000000000000e+00  0.000000000000e+00 -6.721485374545e-03  0.000000000000e+00  0.000000000000e+00  0.000000000000e+00  0.000000000000e+00  0.000000000000e+00  0.000000000000e+00  0.000000000000e+00  0.000000000000e+00  0.000000000000e+00  0.000000000000e+00  0.000000000000e+00  0.000000000000e+00  0.000000000000e+00  0.000000000000e+00  0.000000000000e+00 
Im_Hpyi =  0.000000000000e+00  0.000000000000e+00  0.000000000000e+00  0.000000000000e+00  0.000000000000e+00  0.000000000000e+00  0.000000000000e+00  0.000000000000e+00  0.000000000000e+00  0.000000000000e+00  0.000000000000e+00  0.000000000000e+00  0.000000000000e+00  0.000000000000e+00  0.000000000000e+00  4.626761604911e-03  0.000000000000e+00  0.000000000000e+00  0.000000000000e+00  0.000000000000e+00  0.000000000000e+00  0.000000000000e+00  0.000000000000e+00  0.000000000000e+00  0.000000000000e+00  0.000000000000e+00  0.000000000000e+00  0.000000000000e+00  0.000000000000e+00  0.000000000000e+00  0.000000000000e+00 
Re_Exr =  8.460663752059e+21  1.306366128662e+20  2.597676779389e+18  1.499206307070e+17  1.190782239839e+15  8.248680431676e+13  2.035089218276e+12  2.366831217127e+10  2.003991367030e+09  2.082991572483e+07  9.427611307796e+05  3.869635846100e+04  2.176764003689e+02  4.664477414510e+01  9.656768400816e-01  1.502541358831e-01 -6.993050936531e+00  3.331768654629e+02  3.497419149265e+03 -9.361279491751e+04  1.391624237531e+07 -1.491393169388e+08  6.822516252149e+09  3.967851230183e+11 -1.041043934717e+13  7.802088339807e+14 -3.371969143292e+15  2.976054358907e+16  3.574198474362e+19 -1.027238167424e+21  4.060806562077e+22 
Im_Exr =  3.684871677088e+21  2.203371445472e+20  1.537302453149e+18  1.023951357555e+17  2.793792266768e+15  2.286418353178e+13  2.497211107565e+12  2.568300503219e+10  9.870606831627e+08  4.626014749214e+07  2.516687150640e+05  3.797612593780e+04  6.277735230444e+02  1.072851859078e+01  2.132422022783e+00 -2.019719970049e-01 -2.316711970119e+01 -8.167364703009e+02 -9.643240247095e+03 -8.406549528370e+05 -2.088905179561e+07 -5.446480186212e+08 -4.009238745373e+10 -6.175361656409e+11 -4.283086014941e+13 -1.652826847640e+15 -3.224414017867e+16 -2.892578348653e+18 -5.868470948477e+19 -2.929348609203e+21 -1.558779042441e+23 
Re_Eyr =  7.123151306796e-19 -4.722915821414e-18  1.453924422003e-17  5.781365487050e-18  1.177117451886e-17  1.582344451444e-19  5.798371233027e-18  3.037268696924e-18 -2.240655191806e-18 -2.632669073222e-17  2.882692473830e-17  4.800879605017e-17 -3.403402876934e-18  4.353586881944e-18  5.562222019421e-17 -7.906533547832e-17  8.675395309282e-18  1.796641325066e-18 -1.701884463260e-17  1.356130402628e-17 -4.265628171213e-18  7.210078951774e-18  8.953386559304e-18  1.485317127985e-17 -1.133039201398e-18  1.447588949402e-18  7.662147903921e-18 -1.725798308691e-21  5.377116062428e-19 -4.141803624620e-19 -5.091248978502e-18 
Im_Eyr = -2.832010529488e-18 -2.346952776865e-18  2.785187930221e-18 -1.151980599744e-17  4.551721382853e-18 -1.861731623133e-17 -6.956096103472e-18  9.715186485561e-18  8.215175920717e-18 -1.482454642461e-17 -1.496339888255e-17  1.388867545508e-17 -8.103249876744e-18 -5.197342030467e-18  1.232670327311e-17 -1.905901980170e-17 -1.086677816226e-17  3.374776851136e-18  1.039199335791e-18 -1.862432308182e-17 -2.621355953430e-17  2.172347076920e-17  4.181402202752e-18 -1.113448525155e-17 -2.454955483228e-18  7.816092415533e-19  1.907933669331e-18  2.013565160230e-17 -9.871907531184e-18 -7.405501105190e-18 -5.437270731817e-18 
Re_Hpxr = -2.271761223954e+05 -4.378344793542e+03  1.201559295103e+02 -1.141701308018e+01  1.028252443735e-01 -9.496500806822e-03 -7.919695743761e-05  2.433172507345e-06  4.441560526079e-08 -1.686859822207e-09 -3.456673884506e-11  6.163304738929e-13 -6.276164552807e-15 -5.695647229824e-17  7.345792108983e-19  2.515272631856e-19 -3.578788530186e-17  8.736964523351e-16  1.601909104021e-14 -1.524570457175e-11 -1.069942426474e-09  4.247799978248e-08  3.810138031112e-07 -4.632969451795e-05 -4.592625411661e-04  6.493959737574e-03  6.970633814641e-01  3.208475751576e+02 -6.813373964930e+03 -2.200849910007e+05 -6.922927966467e+06 
Im_Hpxr = -5.713996739292e+04  8.810809531772e+03 -6.272382501299e+02 -5.729777515489e+00 -2.659156382074e-01 -8.071375687609e-05 -6.601595965880e-05 -7.606852119367e-07  1.211417229348e-08  2.995669181091e-09 -6.659267636693e-11 -2.130461188781e-12  2.636018488883e-15 -4.770995427775e-17 -3.314667816155e-18 -9.649643554980e-20 -2.857093865735e-17 -4.651327246423e-16  2.623427596411e-13 -1.110116238233e-11  1.741074709817e-10 -1.409856350300e-08 -8.158420783918e-07 -6.180284696348e-05  2.119641135775e-04 -1.202721750742e-02 -2.799364995251e+00  2.749939328961e-02 -3.711167519593e+02  1.230907673233e+04  6.482360668794e+06 
Re_Hpyr =  3.058671497992e-06  7.864305851592e-06  2.372722254220e-06  6.879395518840e-06  8.234710152667e-06  2.984609040449e-06  1.460463207354e-05  6.828139165500e-06  1.215635636246e-05  2.706996658343e-05  7.254030258197e-06  5.698179597251e-05  5.396922615474e-05  6.518628933394e-05  2.382647271742e-03  4.789897497171e-03 -4.683980663352e-04 -2.100606594038e-04 -4.165453243675e-05 -6.837999416930e-05 -3.407709789489e-05 -1.854638922775e-05 -2.929688454063e-05 -9.882148845619e-06 -1.524465777298e-05 -1.324603014603e-05 -5.876518264002e-06 -1.208732903198e-05 -5.661637998523e-06 -6.563165707178e-06 -8.151808890586e-06 
Im_Hpyr = -7.022874428281e-06 -4.662701248613e-06 -4.009338234712e-06 -1.007238583609e-05 -3.509833825749e-06 -1.076753348920e-05 -1.190196903245e-05 -6.292508571930e-06 -2.468058308922e-05 -1.218900399534e-05 -2.717388916293e-05 -5.806247868240e-05 -1.871347938200e-05 -2.834128232719e-04 -1.078992462009e-03 -1.631677165153e-03  1.413870856068e-04 -8.569147405827e-05 -1.510730373454e-05  7.614589492430e-06 -2.270209095139e-05  5.078501576322e-06 -4.985446954150e-06 -6.349570864931e-06  3.705356011071e-06 -6.252723780391e-06  6.145438565397e-07 -1.243615346492e-07 -3.448226646153e-06  2.301513139256e-06 -2.123644091587e-06 
Re_Ext = -2.931014916677e-03 -1.020920924091e-03 -1.793578202109e-04 -4.092030604436e-03  1.108671951729e-03 -3.561556481733e-03 -2.484288257882e-03  5.811703304221e-04 -7.153908650627e-03  1.480841607012e-03 -5.979146424357e-03 -5.793281292766e-03  2.126962108884e-03 -2.332688234728e-02 -1.431056672918e-01  3.213681659708e-02 -2.104988290989e-02  3.124560959220e-02 -1.139954036852e-03  9.605923436117e-03  6.496256317513e-03 -1.057247893847e-03  8.149153377340e-03 -6.505433575077e-04  2.740492996328e-03  3.884747239657e-03 -1.310759523246e-03  4.276938756284e-03  2.028610264934e-04  7.545055244979e-04  3.117381481939e-03 
Im_Ext =  4.132312665684e-03  2.365740381558e-04  4.866546892978e-03  1.921002627564e-03  2.159845076577e-03  6.135984982088e-03  2.052890007316e-04  7.017579197422e-03  4.362893770144e-03  2.884129295567e-03  1.275293176444e-02  1.063909783725e-03  2.248953685046e-02  1.235317714037e-02  1.133576695166e-01  1.650133077422e-01 -6.689736045920e-03  1.020416256602e-02  1.408694045037e-02 -8.677489612931e-04  1.299101918242e-02  1.892128214485e-03  4.446113962949e-03  7.253410341890e-03 -1.185536437130e-04  6.413743670220e-03  2.183452319015e-03  1.740274345714e-03  5.056603061516e-03  1.914428109474e-05  3.702223897793e-03 
Re_Eyt = -1.375238970928e-18  5.352393480655e-21 -2.496950390140e-18  2.323969697046e-18 -4.876567533733e-19  1.577402618115e-18 -4.784034647866e-18 -4.395446627346e-18 -9.673794767843e-19  3.702610946183e-18 -4.665543142957e-18  1.287094050163e-17 -1.389450727623e-17  9.984836323142e-18  1.977527798798e-17 -6.638789352905e-18 -4.063664928637e-18  5.133077099971e-18 -1.384326363475e-17  6.916265053384e-18  6.246072006629e-18 -1.541930034813e-18 -2.114552984639e-18  6.260413775468e-19  4.206174710387e-18  3.647599089805e-18 -3.151888847529e-18 -8.409095888152e-19  2.792394232678e-19 -1.080475114926e-18 -6.653954821026e-19 
Im_Eyt = -6.107788196190e-19  7.306349388855e-20  1.234491084467e-19  4.275693580878e-18  2.728347409469e-19 -6.143105021196e-19 -7.350683035684e-19 -1.467173095468e-18  3.460968703895e-18  9.212539651759e-18  3.974454302749e-18 -9.235173487100e-19  1.319365461018e-18 -9.135507678670e-18  1.931720129704e-17  1.279148980639e-18 -3.671278471503e-18  1.430701653375e-19  1.006767544605e-17 -5.519564546691e-18 -4.703774478976e-18  2.741329059475e-18  1.326018584635e-18 -4.271625131492e-18 -1.213433274578e-18  3.039002981595e-19  2.908184635594e-18 -1.666992844220e-18  5.677936755208e-19  1.434598224316e-18  1.432689071829e-18 
Re_Hpxt =  1.801808878535e-19 -2.006557444798e-20 -3.140200590422e-20 -9.996694554009e-19 -5.821413946638e-20  1.184902048287e-19  1.266128698606e-19  2.225071087026e-19 -4.532634885658e-19 -1.013842945773e-18 -3.532591844677e-19  6.229766140841e-20 -5.848662735684e-20  1.225035390145e-19  5.418422428047e-19 -1.950720648817e-19 -4.917732404507e-20 -5.080586094496e-21 -6.162124392292e-19  4.592796582778e-19  4.916202218034e-19 -3.439474292462e-19 -1.939276358443e-19  7.128336433241e-19  2.274839306052e-19 -6.316329335349e-20 -6.642759804785e-19  4.148069361727e-19 -1.528742382048e-19 -4.155138020816e-19 -4.441443925861e-19 
Im_Hpxt = -4.057202911346e-19  1.470411894467e-21 -6.348020635896e-19  5.433927184646e-19 -1.040407405258e-19  3.042117403240e-19 -8.243600428349e-19 -6.667710903545e-19 -1.266417984746e-19  4.076455723523e-19 -4.144966329853e-19  8.634786940044e-19 -6.099839582444e-19  1.312179918014e-19  5.317809876919e-19  3.717129938478e-20 -4.549642625577e-20  1.910446422508e-19 -8.464630329866e-19  5.751964945039e-19  6.525950530355e-19 -1.934110545837e-19 -3.091924049384e-19  1.044252943861e-19  7.883880003942e-19  7.585000063926e-19 -7.198929330804e-19 -2.092629976289e-19  7.518777897731e-20 -3.129326448527e-19 -2.062676643289e-19 
Re_Hpyt = -1.282777271973e-05 -7.778301256652e-07 -1.757630296300e-05 -7.482695574831e-06 -9.315123500038e-06 -2.915116796934e-05 -1.042256239335e-06 -4.249753449430e-05 -3.039517709461e-05 -2.411495543635e-05 -1.315450732566e-04 -1.422613296304e-05 -4.706079227223e-04 -8.326948394508e-04  4.791017395348e-03 -9.954718524190e-04  1.584139537768e-03 -2.557416851208e-04 -2.114183030255e-04  9.144027262697e-06 -1.143989932011e-04 -1.381914526595e-05 -2.812339496306e-05 -3.990215123836e-05  5.284159923316e-07 -2.839132191095e-05 -8.758224438986e-06 -6.483672847445e-06 -1.724944845735e-05 -6.996985858828e-08 -1.100286160804e-05 
Im_Hpyt = -9.173536952623e-06 -3.416866230027e-06 -7.160986480632e-07 -1.610166235745e-05  4.735830245561e-06 -1.707282629488e-05 -1.324406981734e-05  3.351353947363e-06 -5.028601871655e-05  1.226006529644e-05 -6.232983167389e-05 -7.936091772820e-05  4.224332196319e-05 -1.626724909803e-03 -3.783346699709e-03 -5.161028108092e-03  4.895771342671e-04  7.696866171601e-04 -1.802962579941e-05  1.060875470020e-04  5.663293054942e-05 -7.793684975132e-06  5.106738218784e-05 -3.736365362767e-06  1.342890933033e-05  1.704558241003e-05 -5.304123700564e-06  1.575889019383e-05  6.250195740048e-07  2.392044285460e-06  9.192156319765e-06 
eff_r_TE   =  3.228742287918e-01 
eff_r_TM   =  3.845517372880e-01 
delta_r    =  5.035599090116e+00 
eff_t_TE   =  5.847859726893e-01  8.107687196314e-02  6.259486286421e-03 
eff_t_TM   =  3.364551881299e-01  2.667596299761e-01  1.105557034225e-02 
delta_t    =  nan  1.567290629108e+02  nan 
spec_tan_Psi =  1.091341569548e+00
spec_cos_delta = -9.961403540874e-01