lambda =
 2.100000000000e+02
 2.200000000000e+02
 2.300000000000e+02
 2.400000000000e+02
 2.500000000000e+02
 2.600000000000e+02
 2.700000000000e+02
 2.800000000000e+02
 2.900000000000e+02
 3.000000000000e+02
 3.100000000000e+02
 3.200000000000e+02
 3.300000000000e+02
 3.400000000000e+02
 3.500000000000e+02
 3.600000000000e+02
 3.700000000000e+02
 3.800000000000e+02
 3.900000000000e+02
 4.000000000000e+02
 4.100000000000e+02
 4.200000000000e+02
 4.300000000000e+02
 4.400000000000e+02
 4.500000000000e+02
 4.600000000000e+02
 4.700000000000e+02
 4.800000000000e+02
 4.900000000000e+02
 5.000000000000e+02
 5.100000000000e+02
 5.200000000000e+02
 5.300000000000e+02
 5.400000000000e+02
 5.500000000000e+02
 5.600000000000e+02
 5.700000000000e+02
 5.800000000000e+02
 5.900000000000e+02
 6.000000000000e+02
 6.100000000000e+02
 6.200000000000e+02
 6.300000000000e+02
 6.400000000000e+02
 6.500000000000e+02
 6.600000000000e+02
 6.700000000000e+02
 6.800000000000e+02
 6.900000000000e+02
 7.000000000000e+02
 7.100000000000e+02
 7.200000000000e+02
 7.300000000000e+02
 7.400000000000e+02
 7.500000000000e+02
 7.600000000000e+02
 7.700000000000e+02
tan_Psi =
 4.464343554695e-01
 3.735751477212e-01
 3.214631466813e-01
 2.795094807529e-01
 2.550606181978e-01
 2.374073690503e-01
 2.282283591463e-01
 2.208235133135e-01
 2.070829656041e-01
 1.935431838299e-01
 2.433812702333e-01
 2.780224919719e-01
 3.014401109789e-01
 3.128904380213e-01
 3.217934621524e-01
 3.464828690144e-01
 3.975585017591e-01
 4.609287139673e-01
 5.108348184451e-01
 5.254900943740e-01
 5.123126831879e-01
 4.856535586983e-01
 4.955854272537e-01
 5.267390749985e-01
 5.351717243089e-01
 4.998430375215e-01
 4.330946460668e-01
 4.007566310563e-01
 4.630738958400e-01
 5.582106917761e-01
 6.115690522901e-01
 6.348225201107e-01
 6.499370479348e-01
 6.731352983499e-01
 7.018029297569e-01
 7.304053090848e-01
 7.487911930393e-01
 7.486066170874e-01
 7.331389812373e-01
 7.691332302067e-01
 7.570701097798e-01
 7.423675794167e-01
 7.328553831609e-01
 7.318825015231e-01
 7.401589389820e-01
 7.563738991313e-01
 7.783569990871e-01
 8.044299690757e-01
 8.342332673280e-01
 8.690497316698e-01
 9.110818531900e-01
 9.616666215999e-01
 1.032079857465e+00
 1.119919500714e+00
 1.173279634751e+00
 1.157796024832e+00
 1.091341569548e+00
cos_Delta =
-1.775230848985e-01
-7.827814490437e-01
-9.996388581854e-01
-8.832729595587e-01
-5.570568421819e-01
-8.576874504726e-02
 4.359835746983e-01
 8.400885792150e-01
 9.974442863031e-01
 9.992870067785e-01
 9.488613178019e-01
 8.282319778839e-01
 6.748700544005e-01
 5.347534956986e-01
 4.482527219786e-01
 4.087489062915e-01
 3.559453313515e-01
 2.415505744386e-01
 7.496690316673e-02
-9.845134923033e-02
-2.331722161675e-01
-2.876157628801e-01
-2.939254820651e-01
-3.547448151192e-01
-4.602981180538e-01
-5.526282265823e-01
-5.613996154600e-01
-4.174955187561e-01
-2.729547226742e-01
-3.002736641539e-01
-3.880783094273e-01
-4.565860150800e-01
-4.969886381773e-01
-5.278265059862e-01
-5.628256445896e-01
-6.069362169553e-01
-6.577718711161e-01
-7.034118441033e-01
-7.227529903540e-01
-7.497890962574e-01
-7.836315300893e-01
-7.998337422416e-01
-8.054748631706e-01
-8.051889537071e-01
-8.030852795135e-01
-8.022904085744e-01
-8.042437058680e-01
-8.089237907500e-01
-8.155231233921e-01
-8.236344472071e-01
-8.340154468372e-01
-8.482564245452e-01
-8.648859578424e-01
-9.020711763607e-01
-9.485793980742e-01
-9.820098488122e-01
-9.961403540874e-01
