#    
#    

#------------ Parameters ------------
calcul_type   : STD
calcul_method : RCWA
theta_i = 0.000000 deg
phi_i   = 0.000000 deg
psi     = 0.000000 deg
n_super = 1.000000 + i0.000000
n_sub   = 1.300000 + i7.100000
L       = 0.833333
h       = 0.800000
coef_h  = 1.000000
lambda  = 0.600000
N       = 5
NS      = 10
delta_h = 0.000050
Nstep   = 16010
N_x = 2048
Calcul_duration = 0.300000 s 

#------------ Results -------------
sum_eff           =  7.351091e-01
one_minus_sum_eff =  2.648909e-01
somm_eff_r        =  7.349120e-01
somm_eff_t        =  1.971833e-04

theta_r = -4.605448e+01  nan  4.605448e+01 
phi_r = -0.000000e+00  nan  0.000000e+00 
N_eff_r = -1.000000e+00  0.000000e+00  1.000000e+00 
eff_r =  2.993328e-01  1.362463e-01  2.993328e-01 
theta_t =  nan  nan  nan  nan  nan  nan  nan  nan  nan  nan  nan 
phi _t =  nan  nan  nan  nan  nan  nan  nan  nan  nan  nan  nan 
N_eff_t = -5.000000e+00 -4.000000e+00 -3.000000e+00 -2.000000e+00 -1.000000e+00  0.000000e+00  1.000000e+00  2.000000e+00  3.000000e+00  4.000000e+00  5.000000e+00 
eff_t =  3.496357e-06  8.188056e-06  1.536242e-05  2.381588e-05  3.089075e-05  3.367635e-05  3.089075e-05  2.381588e-05  1.536242e-05  8.188056e-06  3.496357e-06 
Re_Exi =  0.000000e+00  0.000000e+00  0.000000e+00  0.000000e+00  0.000000e+00  0.000000e+00  0.000000e+00  0.000000e+00  0.000000e+00  0.000000e+00  0.000000e+00 
Im_Exi =  0.000000e+00  0.000000e+00  0.000000e+00  0.000000e+00  0.000000e+00  0.000000e+00  0.000000e+00  0.000000e+00  0.000000e+00  0.000000e+00  0.000000e+00 
Re_Eyi =  0.000000e+00  0.000000e+00  0.000000e+00  0.000000e+00  0.000000e+00 -4.999998e-01  0.000000e+00  0.000000e+00  0.000000e+00  0.000000e+00  0.000000e+00 
Im_Eyi =  0.000000e+00  0.000000e+00  0.000000e+00  0.000000e+00  0.000000e+00 -8.660255e-01  0.000000e+00  0.000000e+00  0.000000e+00  0.000000e+00  0.000000e+00 
Re_Hpxi =  0.000000e+00  0.000000e+00  0.000000e+00  0.000000e+00  0.000000e+00  1.047198e+01  0.000000e+00  0.000000e+00  0.000000e+00  0.000000e+00  0.000000e+00 
Im_Hpxi =  0.000000e+00  0.000000e+00  0.000000e+00  0.000000e+00  0.000000e+00  0.000000e+00  0.000000e+00  0.000000e+00  0.000000e+00  0.000000e+00  0.000000e+00 
Re_Hpyi =  0.000000e+00  0.000000e+00  0.000000e+00  0.000000e+00  0.000000e+00  0.000000e+00  0.000000e+00  0.000000e+00  0.000000e+00  0.000000e+00  0.000000e+00 
Im_Hpyi =  0.000000e+00  0.000000e+00  0.000000e+00  0.000000e+00  0.000000e+00 -0.000000e+00  0.000000e+00  0.000000e+00  0.000000e+00  0.000000e+00  0.000000e+00 
Re_Exr =  5.477265e-03 -2.865514e-05 -1.465184e-08  9.804617e-13 -1.543020e-15 -5.208880e-15  1.033041e-15  8.149716e-12  8.699876e-09 -2.335650e-05  1.316847e-03 
Im_Exr =  2.085788e-02 -1.344592e-05 -1.425317e-10  3.277428e-12 -1.186140e-15 -3.817474e-15  1.627222e-15  1.063957e-12 -1.614836e-08 -5.471608e-06  7.334577e-03 
Re_Eyr =  3.404276e-03  1.670211e-02 -1.346777e-02 -1.450691e-01 -6.295046e-01  2.137026e-01  6.295046e-01 -1.450691e-01  1.346777e-02  1.670211e-02 -3.404276e-03 
Im_Eyr =  2.905081e-03 -7.319686e-03 -4.668561e-02  6.320928e-03 -1.872311e-01 -3.009609e-01  1.872311e-01  6.320928e-03  4.668561e-02 -7.319686e-03 -2.905081e-03 
Re_Hpxr =  4.023448e+11 -1.388322e+09 -8.652786e+06  4.037216e+02  3.464603e+00  3.848357e+00 -3.464603e+00  4.037216e+02  8.652786e+06 -1.388322e+09 -4.023448e+11 
Im_Hpxr = -4.714819e+11 -3.167882e+09  2.496138e+06  9.265655e+03  3.282771e+00  3.622411e-01 -3.282771e+00  9.265655e+03 -2.496138e+06 -3.167882e+09  4.714819e+11 
Re_Hpyr =  1.651532e-14 -7.774098e-15 -8.433267e-17  5.627160e-15 -2.886187e-14  6.189428e-14  2.500913e-14  1.826755e-15 -9.554601e-15 -3.163548e-15  5.807538e-15 
Im_Hpyr = -4.336913e-15  1.656769e-14  8.669150e-15 -1.683398e-15 -5.431328e-15 -2.725108e-14  1.484823e-14 -1.399260e-14 -5.147511e-15  1.350415e-14 -1.042683e-15 
Re_Ext = -1.776119e-16  1.858800e-16  1.589382e-17 -2.042018e-16  8.816345e-17  2.125709e-16 -5.838513e-17 -2.063908e-16 -9.772032e-17  1.988962e-16  2.738743e-16 
Im_Ext = -1.755640e-16 -8.883783e-17  2.015874e-16 -5.269215e-17 -2.048217e-16  9.160246e-17  2.108930e-16  4.474093e-18 -2.057888e-16 -1.923483e-16  1.856866e-16 
Re_Eyt =  1.624440e-03 -9.997195e-04 -3.198237e-03  1.888468e-03  4.358234e-03 -2.329546e-03 -4.358234e-03  1.888468e-03  3.198237e-03 -9.997195e-04 -1.624440e-03 
Im_Eyt =  6.071316e-04  2.404998e-03 -1.451781e-03 -3.887808e-03  2.210402e-03  4.525274e-03 -2.210402e-03 -3.887808e-03  1.451781e-03  2.404998e-03 -6.071316e-04 
Re_Hpxt = -3.069991e-02 -2.052185e-01  7.097610e-02  3.199772e-01 -1.061235e-01 -3.681722e-01  1.061235e-01  3.199772e-01 -7.097610e-02 -2.052185e-01  3.069991e-02 
Im_Hpxt =  1.424468e-01 -4.965319e-02 -2.671707e-01  9.127697e-02  3.555906e-01 -1.115990e-01 -3.555906e-01  9.127697e-02  2.671707e-01 -4.965319e-02 -1.424468e-01 
Re_Hpyt = -9.060546e-15 -8.803945e-15  1.412994e-14 -1.011003e-15 -1.635950e-14  3.916889e-15  1.640130e-14  3.187272e-15 -1.327389e-14 -1.613272e-14  8.324874e-15 
Im_Hpyt =  1.436179e-14 -1.154601e-14 -3.977711e-15  1.561858e-14 -3.720708e-15 -1.705190e-14  1.434550e-15  1.498572e-14  9.863598e-15 -1.095453e-14 -2.090205e-14 