#    
#    

#------------ Parameters ------------
calcul_type   : STD
calcul_method : RCWA
theta_i = 0.000000 deg
phi_i   = 0.000000 deg
psi     = 0.000000 deg
n_super = 1.000000 + i0.000000
n_sub   = 1.300000 + i7.100000
L       = 0.833333
h       = 0.800000
coef_h  = 1.000000
lambda  = 0.600000
N       = 20
NS      = 20
delta_h = 0.040000
Nstep   = 20
N_x = 256

#------------ Efficiencies -------------
sum_eff           =  7.998879e-01
one_minus_sum_eff =  2.001121e-01
somm_eff_r        =  7.996421e-01
somm_eff_t        =  2.458555e-04

theta_r = -8.038024e-01  nan  8.038024e-01 
phi_r = -0.000000e+00  nan  0.000000e+00 
N_eff_r = -1.000000e+00  0.000000e+00  1.000000e+00 
eff_r =  3.102461e-01  1.791500e-01  3.102461e-01 
theta_t =  nan 
phi _t =  nan 
N_eff_t = -2.147484e+09 
eff_t =  2.458555e-04 
Re_Exi =  0.000000e+00  0.000000e+00  0.000000e+00  0.000000e+00  0.000000e+00  0.000000e+00  0.000000e+00  0.000000e+00  0.000000e+00  0.000000e+00  0.000000e+00  0.000000e+00  0.000000e+00  0.000000e+00  0.000000e+00  0.000000e+00  0.000000e+00  0.000000e+00  0.000000e+00  0.000000e+00  0.000000e+00  0.000000e+00  0.000000e+00  0.000000e+00  0.000000e+00  0.000000e+00  0.000000e+00  0.000000e+00  0.000000e+00  0.000000e+00  0.000000e+00  0.000000e+00  0.000000e+00  0.000000e+00  0.000000e+00  0.000000e+00  0.000000e+00  0.000000e+00  0.000000e+00  0.000000e+00  0.000000e+00 
Im_Exi =  0.000000e+00  0.000000e+00  0.000000e+00  0.000000e+00  0.000000e+00  0.000000e+00  0.000000e+00  0.000000e+00  0.000000e+00  0.000000e+00  0.000000e+00  0.000000e+00  0.000000e+00  0.000000e+00  0.000000e+00  0.000000e+00  0.000000e+00  0.000000e+00  0.000000e+00  0.000000e+00  0.000000e+00  0.000000e+00  0.000000e+00  0.000000e+00  0.000000e+00  0.000000e+00  0.000000e+00  0.000000e+00  0.000000e+00  0.000000e+00  0.000000e+00  0.000000e+00  0.000000e+00  0.000000e+00  0.000000e+00  0.000000e+00  0.000000e+00  0.000000e+00  0.000000e+00  0.000000e+00  0.000000e+00 
Re_Eyi =  0.000000e+00  0.000000e+00  0.000000e+00  0.000000e+00  0.000000e+00  0.000000e+00  0.000000e+00  0.000000e+00  0.000000e+00  0.000000e+00  0.000000e+00  0.000000e+00  0.000000e+00  0.000000e+00  0.000000e+00  0.000000e+00  0.000000e+00  0.000000e+00  0.000000e+00  0.000000e+00 -4.999998e-01  0.000000e+00  0.000000e+00  0.000000e+00  0.000000e+00  0.000000e+00  0.000000e+00  0.000000e+00  0.000000e+00  0.000000e+00  0.000000e+00  0.000000e+00  0.000000e+00  0.000000e+00  0.000000e+00  0.000000e+00  0.000000e+00  0.000000e+00  0.000000e+00  0.000000e+00  0.000000e+00 
Im_Eyi =  0.000000e+00  0.000000e+00  0.000000e+00  0.000000e+00  0.000000e+00  0.000000e+00  0.000000e+00  0.000000e+00  0.000000e+00  0.000000e+00  0.000000e+00  0.000000e+00  0.000000e+00  0.000000e+00  0.000000e+00  0.000000e+00  0.000000e+00  0.000000e+00  0.000000e+00  0.000000e+00 -8.660255e-01  0.000000e+00  0.000000e+00  0.000000e+00  0.000000e+00  0.000000e+00  0.000000e+00  0.000000e+00  0.000000e+00  0.000000e+00  0.000000e+00  0.000000e+00  0.000000e+00  0.000000e+00  0.000000e+00  0.000000e+00  0.000000e+00  0.000000e+00  0.000000e+00  0.000000e+00  0.000000e+00 
Re_Hpxi =  0.000000e+00  0.000000e+00  0.000000e+00  0.000000e+00  0.000000e+00  0.000000e+00  0.000000e+00  0.000000e+00  0.000000e+00  0.000000e+00  0.000000e+00  0.000000e+00  0.000000e+00  0.000000e+00  0.000000e+00  0.000000e+00  0.000000e+00  0.000000e+00  0.000000e+00  0.000000e+00  1.047198e+01  0.000000e+00  0.000000e+00  0.000000e+00  0.000000e+00  0.000000e+00  0.000000e+00  0.000000e+00  0.000000e+00  0.000000e+00  0.000000e+00  0.000000e+00  0.000000e+00  0.000000e+00  0.000000e+00  0.000000e+00  0.000000e+00  0.000000e+00  0.000000e+00  0.000000e+00  0.000000e+00 
Im_Hpxi =  0.000000e+00  0.000000e+00  0.000000e+00  0.000000e+00  0.000000e+00  0.000000e+00  0.000000e+00  0.000000e+00  0.000000e+00  0.000000e+00  0.000000e+00  0.000000e+00  0.000000e+00  0.000000e+00  0.000000e+00  0.000000e+00  0.000000e+00  0.000000e+00  0.000000e+00  0.000000e+00  0.000000e+00  0.000000e+00  0.000000e+00  0.000000e+00  0.000000e+00  0.000000e+00  0.000000e+00  0.000000e+00  0.000000e+00  0.000000e+00  0.000000e+00  0.000000e+00  0.000000e+00  0.000000e+00  0.000000e+00  0.000000e+00  0.000000e+00  0.000000e+00  0.000000e+00  0.000000e+00  0.000000e+00 
Re_Hpyi =  0.000000e+00  0.000000e+00  0.000000e+00  0.000000e+00  0.000000e+00  0.000000e+00  0.000000e+00  0.000000e+00  0.000000e+00  0.000000e+00  0.000000e+00  0.000000e+00  0.000000e+00  0.000000e+00  0.000000e+00  0.000000e+00  0.000000e+00  0.000000e+00  0.000000e+00  0.000000e+00  0.000000e+00  0.000000e+00  0.000000e+00  0.000000e+00  0.000000e+00  0.000000e+00  0.000000e+00  0.000000e+00  0.000000e+00  0.000000e+00  0.000000e+00  0.000000e+00  0.000000e+00  0.000000e+00  0.000000e+00  0.000000e+00  0.000000e+00  0.000000e+00  0.000000e+00  0.000000e+00  0.000000e+00 
Im_Hpyi =  0.000000e+00  0.000000e+00  0.000000e+00  0.000000e+00  0.000000e+00  0.000000e+00  0.000000e+00  0.000000e+00  0.000000e+00  0.000000e+00  0.000000e+00  0.000000e+00  0.000000e+00  0.000000e+00  0.000000e+00  0.000000e+00  0.000000e+00  0.000000e+00  0.000000e+00  0.000000e+00 -0.000000e+00  0.000000e+00  0.000000e+00  0.000000e+00  0.000000e+00  0.000000e+00  0.000000e+00  0.000000e+00  0.000000e+00  0.000000e+00  0.000000e+00  0.000000e+00  0.000000e+00  0.000000e+00  0.000000e+00  0.000000e+00  0.000000e+00  0.000000e+00  0.000000e+00  0.000000e+00  0.000000e+00 
Re_Exr =  2.693436e+37  4.419612e+34  2.857488e+32 -5.342645e+28  4.118015e+26  1.295003e+23  3.895317e+21  1.631847e+19 -3.853701e+16 -1.216876e+14  5.853983e+10 -1.114822e+08 -1.127242e+06  7.255380e+02 -1.465680e+00 -1.927415e-02  4.573780e-05  1.163635e-08  4.486763e-11 -4.147957e-14 -1.521417e-14  7.788497e-15 -4.323664e-11 -8.043902e-08 -3.579300e-05 -1.382143e-02 -2.639451e+00  9.247959e+01  4.733238e+03  4.689789e+08 -9.620901e+10  9.720817e+13  9.765978e+16 -1.365214e+19 -5.556519e+21 -2.277094e+24 -3.856821e+26 -6.333604e+29 -5.720432e+32 -2.830345e+35 -2.439408e+38 
Im_Exr =  5.141073e+37 -1.000818e+35 -7.838860e+31  3.785042e+29  2.587462e+27  3.336229e+24  8.099857e+21  3.264491e+19  1.354231e+17  1.162569e+14  2.276360e+11 -1.165968e+08 -2.086906e+05 -2.234284e+03 -6.892423e+00 -1.111472e-02 -4.855543e-05 -9.952894e-08 -5.401817e-11 -1.350917e-14 -3.311083e-14  1.261000e-14  3.001262e-11  2.915915e-08  1.159109e-06  1.089569e-02  3.428350e+00 -5.066731e+01 -4.752034e+05 -2.936682e+08 -2.242208e+11 -2.346270e+13 -1.281556e+17 -4.049621e+19 -5.089805e+21 -1.346899e+24 -1.079927e+27  4.541263e+29  1.393759e+32  1.425951e+35  6.770012e+37 
Re_Eyr =  4.927232e-05 -1.708156e-04 -4.385136e-04 -7.411648e-04 -1.058502e-03 -1.361613e-03 -1.612084e-03 -1.761271e-03 -1.749442e-03 -1.503977e-03 -9.348044e-04  7.672991e-05  1.703598e-03  4.231429e-03  8.195055e-03  1.472874e-02  2.662820e-02  5.266885e-02  1.414965e-01 -3.241562e-01  3.510474e-01 -3.241562e-01  1.414965e-01  5.266885e-02  2.662820e-02  1.472874e-02  8.195055e-03  4.231429e-03  1.703598e-03  7.672991e-05 -9.348044e-04 -1.503977e-03 -1.749442e-03 -1.761271e-03 -1.612084e-03 -1.361613e-03 -1.058502e-03 -7.411648e-04 -4.385136e-04 -1.708156e-04  4.927232e-05 
Im_Eyr = -2.754488e-05  3.241223e-05  1.043372e-04  1.843734e-04  2.667596e-04  3.435568e-04  4.042685e-04  4.352601e-04  4.188514e-04  3.318936e-04  1.434910e-04 -1.888414e-04 -7.261147e-04 -1.561137e-03 -2.844503e-03 -4.832173e-03 -7.929075e-03 -1.213755e-02 -7.850698e-05  5.847905e-01 -2.364649e-01  5.847905e-01 -7.850698e-05 -1.213755e-02 -7.929075e-03 -4.832173e-03 -2.844503e-03 -1.561137e-03 -7.261147e-04 -1.888414e-04  1.434910e-04  3.318936e-04  4.188514e-04  4.352601e-04  4.042685e-04  3.435568e-04  2.667596e-04  1.843734e-04  1.043372e-04  3.241223e-05 -2.754488e-05 
Re_Hpxr = -7.637522e+49  2.018149e+47  1.452269e+45  5.707242e+42  1.825532e+40  5.161995e+37  1.322909e+35  3.072432e+32  6.304409e+29  1.050212e+27  9.377574e+23 -2.491516e+21 -1.876671e+19 -7.582766e+16 -2.444977e+14 -6.692412e+11 -1.503905e+09 -2.249593e+06 -5.014290e+00  4.023253e+00  3.982579e+00  4.023253e+00 -5.014290e+00 -2.249593e+06 -1.503905e+09 -6.692412e+11 -2.444977e+14 -7.582766e+16 -1.876671e+19 -2.491516e+21  9.377574e+23  1.050212e+27  6.304409e+29  3.072432e+32  1.322909e+35  5.161995e+37  1.825532e+40  5.707242e+42  1.452269e+45  2.018149e+47 -7.637522e+49 
Im_Hpxr = -1.366201e+50  1.063584e+48  6.103671e+45  2.294261e+43  7.243708e+40  2.045846e+38  5.275305e+35  1.243253e+33  2.633201e+30  4.759037e+27  6.109231e+24 -1.012351e+21 -4.403013e+19 -2.055292e+17 -7.044016e+14 -2.039886e+12 -5.050561e+09 -9.761730e+06 -9.037472e+03 -2.724705e+00  1.945521e+00 -2.724705e+00 -9.037472e+03 -9.761730e+06 -5.050561e+09 -2.039886e+12 -7.044016e+14 -2.055292e+17 -4.403013e+19 -1.012351e+21  6.109231e+24  4.759037e+27  2.633201e+30  1.243253e+33  5.275305e+35  2.045846e+38  7.243708e+40  2.294261e+43  6.103671e+45  1.063584e+48 -1.366201e+50 
Re_Hpyr =  2.033290e-15 -1.762658e-15 -6.175926e-16  1.340911e-15  4.146311e-15  2.434972e-15  2.714405e-15  5.071533e-15  9.866552e-15  4.029007e-15  3.819728e-15 -9.691197e-16 -8.854769e-16 -5.044394e-15 -8.793477e-15 -8.800666e-15 -2.807355e-14 -5.888892e-14 -9.274617e-14 -6.504378e-13  3.799432e-13  1.908861e-13  5.152999e-14  1.725278e-14  6.701681e-16  8.627234e-15  4.373951e-15 -1.143928e-16 -2.016294e-15 -2.440886e-15 -3.762420e-15 -8.131248e-16 -9.337061e-15 -6.291268e-15 -1.705683e-15 -9.830445e-16 -1.730543e-15  1.608814e-15  1.098087e-15  2.511409e-15  2.677534e-15 
Im_Hpyr = -1.065252e-15 -7.783896e-16 -2.251301e-15  1.892716e-16 -6.598964e-16 -9.451679e-17 -1.305389e-15 -2.535148e-15  2.807700e-15  4.217212e-15 -9.822971e-16  9.266083e-16  4.782901e-15 -1.638064e-15  1.869941e-15  1.526132e-14 -2.644446e-14 -6.884956e-15 -7.703521e-14  1.013089e-13  3.539056e-14  1.165457e-13  7.423487e-14  4.759387e-14  2.069462e-14  1.094385e-14  3.367459e-15 -2.087933e-16 -2.008319e-17 -3.898019e-15  1.614385e-15 -3.368852e-15 -7.115223e-15  2.120921e-15  1.862087e-15  1.661954e-15  6.180410e-16  2.243779e-15  4.506901e-15  4.984852e-15  9.647840e-15 
Re_Ext =  1.727593e-16 -7.909962e-17 -3.414939e-17  1.391192e-16 -2.624987e-16  3.784371e-16 -4.092198e-16  4.315246e-16 -4.231115e-16  4.081065e-16 -3.238726e-16  1.714040e-16 -1.720609e-17 -1.656122e-16  4.080789e-16 -6.685973e-16  9.603401e-16 -1.242023e-15  1.494334e-15 -1.656281e-15  1.727713e-15 -1.628452e-15  1.419875e-15 -1.159088e-15  8.537689e-16 -5.667736e-16  3.337225e-16 -1.223378e-16 -7.198874e-17  1.816781e-16 -3.283410e-16  4.097017e-16 -4.029991e-16  3.791371e-16 -3.469694e-16  2.485600e-16 -1.947121e-16  1.666694e-16 -7.614313e-17  2.941004e-17  1.099364e-17 
Im_Ext = -1.487803e-15  1.003898e-15 -4.094434e-16 -1.913077e-16  7.631514e-16 -1.317530e-15  1.676972e-15 -1.902392e-15  1.950463e-15 -1.679484e-15  1.286588e-15 -6.257439e-16 -3.266963e-16  1.412680e-15 -2.623578e-15  3.827607e-15 -5.045602e-15  6.118149e-15 -6.983398e-15  7.522309e-15 -7.715086e-15  7.539018e-15 -6.970204e-15  6.113335e-15 -5.019729e-15  3.811082e-15 -2.554315e-15  1.407391e-15 -2.908258e-16 -5.897075e-16  1.240050e-15 -1.729475e-15  1.862125e-15 -1.842774e-15  1.680335e-15 -1.326237e-15  7.865566e-16 -2.321074e-16 -3.564189e-16  9.162128e-16 -1.378428e-15 
Re_Eyt =  2.078133e-06 -8.142803e-06  1.555333e-05 -2.389185e-05  3.239196e-05 -3.984119e-05  4.447389e-05 -4.384003e-05  3.460920e-05 -1.223065e-05 -2.966086e-05  1.001739e-04 -2.122976e-04  3.835622e-04 -6.345303e-04  9.823982e-04 -1.427579e-03  1.935919e-03 -2.428080e-03  2.792614e-03 -2.927943e-03  2.792614e-03 -2.428080e-03  1.935919e-03 -1.427579e-03  9.823982e-04 -6.345303e-04  3.835622e-04 -2.122976e-04  1.001739e-04 -2.966086e-05 -1.223065e-05  3.460920e-05 -4.384003e-05  4.447389e-05 -3.984119e-05  3.239196e-05 -2.389185e-05  1.555333e-05 -8.142803e-06  2.078133e-06 
Im_Eyt = -3.856540e-05  6.623637e-05 -9.534462e-05  1.224732e-04 -1.428756e-04  1.503829e-04 -1.373875e-04  9.490607e-05 -1.269517e-05 -1.206108e-04  3.173321e-04 -5.903798e-04  9.522188e-04 -1.412275e-03  1.971763e-03 -2.615792e-03  3.305206e-03 -3.973979e-03  4.538157e-03 -4.915793e-03  5.048607e-03 -4.915793e-03  4.538157e-03 -3.973979e-03  3.305206e-03 -2.615792e-03  1.971763e-03 -1.412275e-03  9.522188e-04 -5.903798e-04  3.173321e-04 -1.206108e-04 -1.269517e-05  9.490607e-05 -1.373875e-04  1.503829e-04 -1.428756e-04  1.224732e-04 -9.534462e-05  6.623637e-05 -3.856540e-05 
Re_Hpxt =  6.479440e-03 -1.071192e-02  1.481258e-02 -1.825456e-02  2.041123e-02 -2.058123e-02  1.802284e-02 -1.199280e-02  1.781072e-03  1.326735e-02 -3.374748e-02  6.019523e-02 -9.305800e-02  1.325693e-01 -1.784528e-01  2.294360e-01 -2.827115e-01  3.336952e-01 -3.764892e-01  4.051383e-01 -4.152288e-01  4.051383e-01 -3.764892e-01  3.336952e-01 -2.827115e-01  2.294360e-01 -1.784528e-01  1.325693e-01 -9.305800e-02  6.019523e-02 -3.374748e-02  1.326735e-02  1.781072e-03 -1.199280e-02  1.802284e-02 -2.058123e-02  2.041123e-02 -1.825456e-02  1.481258e-02 -1.071192e-02  6.479440e-03 
Im_Hpxt =  1.156878e-04 -8.940319e-04  1.774202e-03 -2.689898e-03  3.550952e-03 -4.244805e-03  4.639863e-03 -4.588719e-03  3.926560e-03 -2.457253e-03 -8.178238e-05  4.081132e-03 -1.013788e-02  1.910833e-02 -3.203874e-02  4.983020e-02 -7.253540e-02  9.843742e-02 -1.235070e-01  1.420736e-01 -1.489660e-01  1.420736e-01 -1.235070e-01  9.843742e-02 -7.253540e-02  4.983020e-02 -3.203874e-02  1.910833e-02 -1.013788e-02  4.081132e-03 -8.178238e-05 -2.457253e-03  3.926560e-03 -4.588719e-03  4.639863e-03 -4.244805e-03  3.550952e-03 -2.689898e-03  1.774202e-03 -8.940319e-04  1.156878e-04 
Re_Hpyt = -4.987306e-14  3.465728e-14 -1.398371e-14 -8.695646e-15  3.259870e-14 -5.795944e-14  7.638029e-14 -9.050490e-14  9.722573e-14 -8.864404e-14  7.156534e-14 -3.679023e-14 -1.858733e-14  8.811512e-14 -1.728322e-13  2.639467e-13 -3.619291e-13  4.531862e-13 -5.298673e-13  5.791846e-13 -5.971449e-13  5.800400e-13 -5.278732e-13  4.516725e-13 -3.586105e-13  2.613602e-13 -1.673293e-13  8.715196e-14 -1.570724e-14 -3.496717e-14  6.921082e-14 -9.113287e-14  9.280916e-14 -8.714320e-14  7.570424e-14 -5.665256e-14  3.265947e-14 -1.052471e-14 -1.163307e-14  3.048579e-14 -4.458017e-14 
Im_Hpyt =  1.066160e-14 -8.646764e-15  5.960124e-15 -2.813485e-15  6.456560e-16  1.559217e-15 -4.722186e-15  6.512439e-15 -7.237338e-15  3.701736e-15 -1.775461e-15 -2.045007e-16  5.830371e-15 -1.093279e-14  1.284424e-14 -1.158185e-14  6.348817e-15  2.065251e-15 -1.214376e-14  1.963329e-14 -2.342742e-14  1.734585e-14 -6.897920e-15 -3.772278e-15  1.332914e-14 -1.810167e-14  1.654757e-14 -1.347816e-14  8.458746e-15 -1.296158e-15 -8.699823e-16  4.332503e-15 -6.954027e-15  8.038101e-15 -7.401976e-15  6.907564e-15 -2.251009e-15 -3.335672e-15  6.818530e-15 -1.130889e-14  1.468581e-14 