#    
#    

#------------ Parameters ------------
calcul_type   : ELLIPSO
calcul_method : RCWA
theta_i = 30.000000 deg
phi_i   = 0.000000 deg
psi     = 90.000000 deg
n_super = 1.000000 + i0.000000
n_sub   = 1.500000 + i0.000000
L       = 3.100000
h       = 10.000000
coef_h  = 1.000000
lambda  = 1.000000
N       = 8
NS      = 105
delta_h = 0.095238
Nstep   = 105
N_x = 2048
Calcul_duration = 9.220000 s 

#------------ Results -------------
sum_eff           =  1.000000e-00
one_minus_sum_eff =  1.443290e-15
somm_eff_r        =  7.443888e-04
somm_eff_t        =  9.992556e-01

theta_r = -5.221567109146e+01 -2.788782216763e+01 -8.346620412575e+00  1.021947988565e+01  3.000000000000e+01  5.534396788167e+01 
phi_r = -0.000000000000e+00 -0.000000000000e+00 -0.000000000000e+00 -0.000000000000e+00 -0.000000000000e+00 -0.000000000000e+00 
N_eff_r = -4.000000000000e+00 -3.000000000000e+00 -2.000000000000e+00 -1.000000000000e+00  0.000000000000e+00  1.000000000000e+00 
eff_r =  4.428630611467e-04  1.328593059515e-04  1.017111399315e-04  3.484477008683e-05  2.330124222934e-05  8.809292102341e-06 
theta_t = -7.313466458681e+01 -4.789655395607e+01 -3.179500812527e+01 -1.816942744558e+01 -5.553444957354e+00  6.792821674187e+00  1.947122063449e+01  3.325643173927e+01  4.976848395442e+01  7.809601570890e+01 
phi _t =  0.000000000000e+00  0.000000000000e+00 -0.000000000000e+00  0.000000000000e+00  0.000000000000e+00  0.000000000000e+00  0.000000000000e+00  0.000000000000e+00 -0.000000000000e+00  0.000000000000e+00 
N_eff_t = -6.000000000000e+00 -5.000000000000e+00 -4.000000000000e+00 -3.000000000000e+00 -2.000000000000e+00 -1.000000000000e+00  0.000000000000e+00  1.000000000000e+00  2.000000000000e+00  3.000000000000e+00 
eff_t =  3.278887742799e-04  1.343893462215e-02  2.340275225441e-03  8.390703625273e-02  7.359385347112e-02  2.881287999256e-01  4.278811390870e-01  8.434511701275e-02  2.458650035604e-02  7.060664614295e-04 
Re_Exi =  0.000000000000e+00  0.000000000000e+00  0.000000000000e+00  0.000000000000e+00  0.000000000000e+00  0.000000000000e+00  0.000000000000e+00  0.000000000000e+00  8.660254037844e-01  0.000000000000e+00  0.000000000000e+00  0.000000000000e+00  0.000000000000e+00  0.000000000000e+00  0.000000000000e+00  0.000000000000e+00  0.000000000000e+00 
Im_Exi =  0.000000000000e+00  0.000000000000e+00  0.000000000000e+00  0.000000000000e+00  0.000000000000e+00  0.000000000000e+00  0.000000000000e+00  0.000000000000e+00  0.000000000000e+00  0.000000000000e+00  0.000000000000e+00  0.000000000000e+00  0.000000000000e+00  0.000000000000e+00  0.000000000000e+00  0.000000000000e+00  0.000000000000e+00 
Re_Eyi =  0.000000000000e+00  0.000000000000e+00  0.000000000000e+00  0.000000000000e+00  0.000000000000e+00  0.000000000000e+00  0.000000000000e+00  0.000000000000e+00 -3.272628374521e-17 -0.000000000000e+00  0.000000000000e+00  0.000000000000e+00  0.000000000000e+00  0.000000000000e+00  0.000000000000e+00  0.000000000000e+00  0.000000000000e+00 
Im_Eyi =  0.000000000000e+00  0.000000000000e+00  0.000000000000e+00  0.000000000000e+00  0.000000000000e+00  0.000000000000e+00  0.000000000000e+00  0.000000000000e+00  5.175076962503e-17  0.000000000000e+00  0.000000000000e+00  0.000000000000e+00  0.000000000000e+00  0.000000000000e+00  0.000000000000e+00  0.000000000000e+00  0.000000000000e+00 
Re_Hpxi =  0.000000000000e+00  0.000000000000e+00  0.000000000000e+00  0.000000000000e+00  0.000000000000e+00  0.000000000000e+00  0.000000000000e+00  0.000000000000e+00  3.331785339000e-16  0.000000000000e+00  0.000000000000e+00  0.000000000000e+00  0.000000000000e+00  0.000000000000e+00  0.000000000000e+00  0.000000000000e+00  0.000000000000e+00 
Im_Hpxi =  0.000000000000e+00  0.000000000000e+00  0.000000000000e+00  0.000000000000e+00  0.000000000000e+00  0.000000000000e+00  0.000000000000e+00  0.000000000000e+00  0.000000000000e+00  0.000000000000e+00  0.000000000000e+00  0.000000000000e+00  0.000000000000e+00  0.000000000000e+00  0.000000000000e+00  0.000000000000e+00  0.000000000000e+00 
Re_Hpyi =  0.000000000000e+00  0.000000000000e+00  0.000000000000e+00  0.000000000000e+00  0.000000000000e+00  0.000000000000e+00  0.000000000000e+00  0.000000000000e+00  3.358226985262e+00 -0.000000000000e+00  0.000000000000e+00  0.000000000000e+00  0.000000000000e+00  0.000000000000e+00  0.000000000000e+00  0.000000000000e+00  0.000000000000e+00 
Im_Hpyi =  0.000000000000e+00  0.000000000000e+00  0.000000000000e+00  0.000000000000e+00  0.000000000000e+00  0.000000000000e+00  0.000000000000e+00  0.000000000000e+00 -5.310435869099e+00  0.000000000000e+00  0.000000000000e+00  0.000000000000e+00  0.000000000000e+00  0.000000000000e+00  0.000000000000e+00  0.000000000000e+00  0.000000000000e+00 
Re_Exr =  2.875572462023e+47 -3.609295734834e+37 -9.311914228231e+25  2.964282234710e+11  4.564566774700e-03  7.258421070766e-03 -9.220832657120e-03 -4.026766975160e-03  1.117583288491e-03  6.440923923074e-04  1.685480144953e+12 -2.828509995544e+27  4.833839035308e+38  2.983101965692e+48 -5.730449347585e+58 -1.016940495752e+67  4.112930885851e+77 
Im_Exr = -7.480821273128e+47 -1.678051362807e+37  1.632108012067e+26  2.036932147645e+11 -1.463388128657e-02 -7.000887528279e-03 -1.458658974269e-03  3.671902058641e-03  4.028267526529e-03  1.980758513456e-03 -2.897377109550e+13  2.322468556723e+27  2.835450265855e+38 -9.233854171548e+48 -9.418389975728e+57  1.878201203571e+68 -1.154613357297e+76 
Re_Eyr = -1.514230939571e-16 -7.354606447773e-17 -9.746130310704e-17  1.102616891442e-16  4.111846545145e-16  6.184704169285e-16  2.510810982777e-16 -8.106059668339e-17 -2.740381574901e-16  2.017592182060e-15 -1.726622308954e-16 -8.887744033720e-17 -7.761309719885e-17 -2.501965802543e-18 -1.580402206691e-17 -1.385630457891e-16 -1.526988296868e-16 
Im_Eyr =  1.096529131505e-16  2.195985266172e-17 -1.642824314394e-16  9.626724364840e-17 -2.085230473794e-16  1.761652738778e-16 -2.671807927802e-16 -3.095830141694e-16 -1.411534562519e-16  1.132838429517e-15 -7.401224867672e-17  4.672099361686e-18  8.705774725800e-17  4.204512148390e-17  7.330156259346e-17  3.962486365369e-17  1.473651812064e-17 
Re_Hpxr =  7.719374130959e+34  5.708869660740e+23 -1.345598155340e+13  6.283684896317e-03 -5.313934667921e-16 -9.852872242731e-16 -2.253372555243e-15 -1.335356327045e-15 -1.446148726098e-15  6.530572438859e-15 -4.378475614577e-01  6.541680217961e+12  2.703776750187e+25  3.029796815238e+35  4.051810230524e+45  8.827062722557e+54  8.752093393963e+63 
Im_Hpxr =  1.065992211915e+35  1.911965907201e+24  7.982822540959e+12 -7.197149149177e-03  1.693411005893e-15 -3.432679211924e-15  3.427264048155e-16  1.460355726414e-15  8.497759224796e-16 -5.069481349721e-15  1.021448991282e+00  1.244425146530e+14  2.410451617756e+25  1.802931648867e+34  8.735816267557e+44  3.086710169905e+55  9.068861501928e+64 
Re_Hpyr = -4.195146191372e-02 -2.548263189452e-02  7.866551176170e-02  1.231970866073e-01  1.400819636934e-01 -1.496733270211e-02 -5.178008492400e-02  5.726630131207e-03  2.036748336531e-02  1.740085972951e-02 -1.933505560909e-01  6.548356873318e-02  3.604278710513e-02 -5.058769077073e-02 -6.726676492471e-03  3.328537234379e-02 -7.675015357733e-04 
Im_Hpyr = -1.612583220696e-02  5.481021418521e-02  4.488223161879e-02 -1.792847815870e-01 -7.134171576828e-02 -7.010840980016e-02  2.887012371557e-02  3.431805614039e-02 -2.247357988380e-02 -1.506181591008e-02 -1.124770821971e-02  7.975174870271e-02 -6.144527849707e-02 -1.634293080380e-02  4.092724873045e-02  1.802216023940e-03 -2.733972157408e-02 
Re_Ext =  1.095672110112e-03 -4.676309035469e-03 -7.169604319533e-03 -7.212462307392e-02  3.800148391339e-03  5.177288609718e-02 -1.678672301024e-01  3.556611171414e-01 -1.070204063820e-01  9.675381700918e-02  5.462884102135e-03 -7.684323935842e-03  5.874644281616e-03 -5.336812303230e-03 -3.327768870381e-03  6.104712731808e-03  1.630537966862e-03 
Im_Ext =  4.990776599313e-03  2.879234296708e-03 -1.875911053254e-03  4.546463003466e-04  3.367433241446e-02 -2.082014501785e-01  1.187880218415e-01 -1.966943819934e-01  4.705907181651e-01 -1.770877110548e-01  9.559500911646e-02 -5.003754352929e-03  3.376724744979e-03  4.571542847577e-03 -5.991664636552e-03 -2.360239918487e-03  5.958568622816e-03 
Re_Eyt =  7.304547112652e-17  1.490942265690e-16  8.199904241646e-16  5.542008677334e-16 -8.625880236052e-16 -5.089140551852e-16 -3.293959925761e-17  1.169825734791e-15 -9.243822593429e-16  3.337689171526e-17  1.008770110059e-15 -1.430416332228e-15  1.352984749564e-16  3.036197168233e-18 -1.682123691869e-16  2.422476723781e-19  9.842518258333e-18 
Im_Eyt =  9.595727408322e-17  2.160680202231e-16 -1.553287098743e-15  4.876539199960e-16 -3.075188450625e-16  5.907267081675e-16  1.455177239222e-15  1.747138199167e-17  5.247060798861e-17 -5.160758722862e-16 -7.319975258898e-16 -7.952197266385e-16 -6.864981095271e-17 -2.353896874198e-17 -2.367780879975e-17  7.011901505618e-18 -5.637303239145e-17 
Re_Hpxt = -8.693483880265e-16 -1.244842510102e-15  2.242138588713e-15  3.502018892923e-15 -6.909746346248e-15 -4.557246537002e-15 -3.089912764613e-16  1.094795355075e-14 -8.213844336741e-15  2.630510002889e-16  6.140640015421e-15 -2.780829424458e-15  4.215789259354e-16  2.200855042707e-16  2.854556314711e-16 -1.019701988504e-16  9.530853592404e-16 
Im_Hpxt =  6.617733067469e-16  8.589833472456e-16 -4.247226358759e-15  3.081505895179e-15 -2.463374354760e-15  5.289866172258e-15  1.365035042194e-14  1.635080104871e-16  4.662415379748e-16 -4.067313265358e-15 -4.455854960259e-15 -1.545962783648e-15  8.308687957221e-16  2.838794647975e-17 -2.027939682832e-15  3.522873688921e-18  1.664050992491e-16 
Re_Hpyt = -4.893216527550e-02 -4.439104243825e-02  2.329076591646e-01  1.013851920300e+00 -4.213899072362e-02 -5.135545154989e-01  1.589572248380e+00 -3.375723507830e+00  1.069828059486e+00 -1.090476458225e+00 -7.971550631666e-02  3.511042037660e-01 -4.884255427678e-02 -4.343112134786e-02  4.414613083828e-02  1.441653686714e-02 -3.130572736619e-02 
Im_Hpyt =  1.074253830298e-02 -7.209772163565e-02  6.093977195144e-02 -6.390938420451e-03 -3.734070975941e-01  2.065227630383e+00 -1.124830277142e+00  1.866905931382e+00 -4.704253813331e+00  1.995890042538e+00 -1.394941648146e+00  2.286263830877e-01  8.497365164521e-02 -5.070142629751e-02 -2.451874877228e-02  3.728808053454e-02  8.566684430779e-03 
eff_r_TE   =  7.680550691397e-04  3.389495468538e-04  2.689409205330e-04  2.155947396325e-04  3.176532688855e-04  8.460412502522e-04 
eff_r_TM   =  4.428630611467e-04  1.328593059515e-04  1.017111399315e-04  3.484477008683e-05  2.330124222934e-05  8.809292102341e-06 
delta_r    =  nan  nan  nan  nan  1.350275879782e+02  nan 
eff_t_TE   =  1.838759097900e-03  2.143656224241e-02  2.505952139450e-03  3.906776254327e-02  4.521641286464e-02  4.194208126115e-01  3.980468187511e-01  3.733603350923e-02  3.014025675569e-02  2.235394689490e-03 
eff_t_TM   =  3.278887742799e-04  1.343893462215e-02  2.340275225441e-03  8.390703625273e-02  7.359385347112e-02  2.881287999256e-01  4.278811390870e-01  8.434511701275e-02  2.458650035604e-02  7.060664614295e-04 
delta_t    =  nan  nan  nan  nan  nan  nan -7.368064550230e+01  nan  nan  nan 
spec_tan_Psi =  2.708400422434e-01
spec_cos_delta =  7.074471718639e-01