#    
#    

#------------ Paramètres ------------
calcul_type : STD
Pola    : TE
n_super = 1.000000 + i0.000000
n_sub   = 1.732051 + i0.000000
L       = 3.900000
h       = 0.500000
coef_h  = 1.000000
lambda  = 1.000000
theta_i = 0.523599
N       = 30
NS      = 100
delta_h = 0.000050
Nstep   = 10100
N_x = 256
Calcul_duration = 557.660000 s 

#------------ Efficacités -------------
somm_eff          =  1.000000e+00
un_moins_somm_eff = -3.330669e-15
somm_eff_R        =  9.659980e-02
somm_eff_T        =  9.034002e-01
eff_R       =  4.583856e-05  1.134181e-03  8.070675e-03  2.080254e-02  1.281205e-02  2.959768e-03  5.077475e-02 
N_eff_R     = -5.000000e+00 -4.000000e+00 -3.000000e+00 -2.000000e+00 -1.000000e+00  0.000000e+00  1.000000e+00 
theta_eff_R = -5.144877e+01 -3.171141e+01 -1.561850e+01 -7.345807e-01  1.409851e+01  3.000000e+01  4.914875e+01 
eff_T       =  1.047063e-08  2.519065e-08  3.304169e-09  6.667609e-08  1.526894e-05  1.013386e-03  2.273962e-02  1.865268e-01  3.341472e-01  3.366624e-01  1.640749e-02  4.549470e-03  1.338444e-03 
N_eff_T     = -8.000000e+00 -7.000000e+00 -6.000000e+00 -5.000000e+00 -4.000000e+00 -3.000000e+00 -2.000000e+00 -1.000000e+00  0.000000e+00  1.000000e+00  2.000000e+00  3.000000e+00  4.000000e+00 
theta_eff_T = -6.358985e+01 -4.838243e+01 -3.683810e+01 -2.684108e+01 -1.766668e+01 -8.942340e+00 -4.241026e-01  8.084685e+00  1.677865e+01  2.589438e+01  3.578548e+01  4.712086e+01  6.174254e+01 
Re_Ai =  0.000000e+00  0.000000e+00  0.000000e+00  0.000000e+00  0.000000e+00  0.000000e+00  0.000000e+00  0.000000e+00  0.000000e+00  0.000000e+00  0.000000e+00  0.000000e+00  0.000000e+00  0.000000e+00  0.000000e+00  0.000000e+00  0.000000e+00  0.000000e+00  0.000000e+00  0.000000e+00  0.000000e+00  0.000000e+00  0.000000e+00  0.000000e+00  0.000000e+00  0.000000e+00  0.000000e+00  0.000000e+00  0.000000e+00  0.000000e+00  1.000000e+00  0.000000e+00  0.000000e+00  0.000000e+00  0.000000e+00  0.000000e+00  0.000000e+00  0.000000e+00  0.000000e+00  0.000000e+00  0.000000e+00  0.000000e+00  0.000000e+00  0.000000e+00  0.000000e+00  0.000000e+00  0.000000e+00  0.000000e+00  0.000000e+00  0.000000e+00  0.000000e+00  0.000000e+00  0.000000e+00  0.000000e+00  0.000000e+00  0.000000e+00  0.000000e+00  0.000000e+00  0.000000e+00  0.000000e+00  0.000000e+00 
Im_Ai =  0.000000e+00  0.000000e+00  0.000000e+00  0.000000e+00  0.000000e+00  0.000000e+00  0.000000e+00  0.000000e+00  0.000000e+00  0.000000e+00  0.000000e+00  0.000000e+00  0.000000e+00  0.000000e+00  0.000000e+00  0.000000e+00  0.000000e+00  0.000000e+00  0.000000e+00  0.000000e+00  0.000000e+00  0.000000e+00  0.000000e+00  0.000000e+00  0.000000e+00  0.000000e+00  0.000000e+00  0.000000e+00  0.000000e+00  0.000000e+00  0.000000e+00  0.000000e+00  0.000000e+00  0.000000e+00  0.000000e+00  0.000000e+00  0.000000e+00  0.000000e+00  0.000000e+00  0.000000e+00  0.000000e+00  0.000000e+00  0.000000e+00  0.000000e+00  0.000000e+00  0.000000e+00  0.000000e+00  0.000000e+00  0.000000e+00  0.000000e+00  0.000000e+00  0.000000e+00  0.000000e+00  0.000000e+00  0.000000e+00  0.000000e+00  0.000000e+00  0.000000e+00  0.000000e+00  0.000000e+00  0.000000e+00 
Re_A0 = -1.427748e-07  1.541883e-07 -1.610518e-07  1.618680e-07 -1.544945e-07  1.369028e-07 -1.091290e-07  7.506986e-08 -4.232524e-08  1.966928e-08 -1.381220e-08  2.744282e-08 -5.856932e-08  9.965508e-08 -1.365598e-07  1.502078e-07 -1.236854e-07  4.647525e-08  1.076679e-07 -4.970677e-07  1.753117e-06 -5.241424e-06  1.093310e-05 -1.826032e-05  1.919378e-04  5.790610e-03  3.069361e-02 -2.243972e-02 -1.314329e-01  2.451452e-02 -4.601711e-02  1.907532e-01  7.433886e-02  1.487148e-03 -2.026291e-03  8.171919e-04 -2.099179e-04  4.187386e-05 -6.352738e-06  5.379935e-07  7.521256e-09  5.230849e-08 -9.283223e-08  1.064434e-07 -1.125730e-07  1.103776e-07 -9.660600e-08  7.390613e-08 -4.924279e-08  2.993970e-08 -2.120634e-08  2.515178e-08 -4.052031e-08  6.318877e-08 -8.764620e-08  1.089473e-07 -1.241039e-07  1.322738e-07 -1.340119e-07  1.303759e-07 -1.224879e-07 
Im_A0 = -1.721345e-08  2.033882e-08 -2.359297e-08  2.681261e-08 -2.897458e-08  2.841282e-08 -2.395961e-08  1.615305e-08 -7.189517e-09 -5.538944e-10  5.615514e-09 -6.586132e-09  1.352578e-09  1.016187e-08 -2.237365e-08  2.526302e-08 -6.295815e-09 -5.297664e-08  1.845869e-07 -4.823665e-07  1.458294e-06 -5.559937e-06  1.991051e-05 -6.239302e-05  4.275856e-04  5.492415e-03 -1.457762e-02 -8.218177e-02  2.724702e-02  1.041115e-01  2.902057e-02  1.756103e-01  2.258658e-01 -1.627791e-02  4.728160e-03 -1.838457e-03  6.791605e-04 -2.314984e-04  7.539431e-05 -2.401611e-05  7.592341e-06 -2.408683e-06  7.699933e-07 -2.424569e-07  6.644700e-08 -5.896451e-09 -1.303241e-08  1.505418e-08 -1.035913e-08  3.976991e-09  1.575755e-09 -4.839164e-09  4.932977e-09 -1.938616e-09 -2.954910e-09  8.100667e-09 -1.229493e-08  1.516705e-08 -1.690941e-08  1.777708e-08 -1.782341e-08 
Re_Ah = -1.330300e-07 -1.418301e-07 -1.467315e-07 -1.464643e-07 -1.393834e-07 -1.242458e-07 -1.017214e-07 -7.551520e-08 -5.189219e-08 -3.761554e-08 -3.759630e-08 -5.337713e-08 -8.245524e-08 -1.180075e-07 -1.488366e-07 -1.607725e-07 -1.445533e-07 -1.052942e-07 -7.083753e-08 -7.174592e-08  2.214767e-07  5.917314e-06 -1.082760e-04  1.335917e-04 -4.512531e-05 -8.431819e-05 -1.930384e-03  1.786509e-02  6.262060e-02 -2.437872e-01 -2.802268e-01 -2.595964e-01  8.814042e-02  2.373655e-02  1.276648e-02  2.687598e-04 -1.359731e-04 -6.135475e-05 -2.639276e-05 -1.096778e-05 -4.475766e-06 -1.816946e-06 -7.599016e-07 -3.572832e-07 -2.081614e-07 -1.470470e-07 -1.114467e-07 -8.282513e-08 -5.925520e-08 -4.338296e-08 -3.774779e-08 -4.291906e-08 -5.690069e-08 -7.567407e-08 -9.462861e-08 -1.101050e-07 -1.202222e-07 -1.247199e-07 -1.242333e-07 -1.196508e-07 -1.118978e-07 
Im_Ah =  8.334409e-08  9.075769e-08  9.642247e-08  9.975773e-08  9.890123e-08  9.120599e-08  7.534764e-08  5.356233e-08  3.168247e-08  1.623156e-08  1.123460e-08  1.842982e-08  3.945313e-08  7.326905e-08  1.090858e-07  1.274893e-07  1.145635e-07  7.336807e-08  2.461253e-08  5.404408e-08  4.904391e-07 -7.253063e-07  6.819322e-06 -3.343183e-05  5.287018e-06  1.739366e-04 -2.070257e-03 -1.391997e-02  8.630632e-02  1.864602e-01 -3.097993e-01  3.460164e-01  4.841709e-02  5.272136e-02 -3.536332e-02  1.984740e-03  2.236434e-04  6.177340e-05  1.910958e-05  6.136553e-06  2.002561e-06  6.552085e-07  2.257849e-07  1.046414e-07  8.159316e-08  8.015509e-08  7.407854e-08  5.958436e-08  4.178152e-08  2.645551e-08  1.726110e-08  1.599587e-08  2.272349e-08  3.538740e-08  5.027350e-08  6.358715e-08  7.298333e-08  7.797052e-08  7.921020e-08  7.755221e-08  7.356673e-08 