#    
#    

#------------ Paramètres ------------
calcul_type : STD
Pola    : TM
n_super = 1.000000 + i0.000000
n_sub   = 1.732051 + i0.000000
L       = 3.900000
h       = 0.500000
coef_h  = 1.000000
lambda  = 1.000000
theta_i = 0.523599
N       = 30
NS      = 100
delta_h = 0.000050
Nstep   = 10100
N_x = 256
Calcul_duration = 1515.630000 s 

#------------ Efficacités -------------
somm_eff          =  1.000000e+00
un_moins_somm_eff =  1.868592e-10
somm_eff_R        =  4.635828e-02
somm_eff_T        =  9.536417e-01
eff_R       =  4.735416e-05  1.234037e-03  8.228222e-03  1.817339e-02  8.582580e-03  1.313666e-03  8.779027e-03 
N_eff_R     = -5.000000e+00 -4.000000e+00 -3.000000e+00 -2.000000e+00 -1.000000e+00  0.000000e+00  1.000000e+00 
theta_eff_R = -5.144877e+01 -3.171141e+01 -1.561850e+01 -7.345807e-01  1.409851e+01  3.000000e+01  4.914875e+01 
eff_T       =  1.010789e-08  4.259416e-08  7.737823e-09  1.077874e-07  2.212961e-05  1.271899e-03  2.666699e-02  2.156480e-01  4.127555e-01  2.783423e-01  1.824915e-02  4.750548e-04  2.106268e-04 
N_eff_T     = -8.000000e+00 -7.000000e+00 -6.000000e+00 -5.000000e+00 -4.000000e+00 -3.000000e+00 -2.000000e+00 -1.000000e+00  0.000000e+00  1.000000e+00  2.000000e+00  3.000000e+00  4.000000e+00 
theta_eff_T = -6.358985e+01 -4.838243e+01 -3.683810e+01 -2.684108e+01 -1.766668e+01 -8.942340e+00 -4.241026e-01  8.084685e+00  1.677865e+01  2.589438e+01  3.578548e+01  4.712086e+01  6.174254e+01 
Re_Ai =  0.000000e+00  0.000000e+00  0.000000e+00  0.000000e+00  0.000000e+00  0.000000e+00  0.000000e+00  0.000000e+00  0.000000e+00  0.000000e+00  0.000000e+00  0.000000e+00  0.000000e+00  0.000000e+00  0.000000e+00  0.000000e+00  0.000000e+00  0.000000e+00  0.000000e+00  0.000000e+00  0.000000e+00  0.000000e+00  0.000000e+00  0.000000e+00  0.000000e+00  0.000000e+00  0.000000e+00  0.000000e+00  0.000000e+00  0.000000e+00  1.000000e+00  0.000000e+00  0.000000e+00  0.000000e+00  0.000000e+00  0.000000e+00  0.000000e+00  0.000000e+00  0.000000e+00  0.000000e+00  0.000000e+00  0.000000e+00  0.000000e+00  0.000000e+00  0.000000e+00  0.000000e+00  0.000000e+00  0.000000e+00  0.000000e+00  0.000000e+00  0.000000e+00  0.000000e+00  0.000000e+00  0.000000e+00  0.000000e+00  0.000000e+00  0.000000e+00  0.000000e+00  0.000000e+00  0.000000e+00  0.000000e+00 
Im_Ai =  0.000000e+00  0.000000e+00  0.000000e+00  0.000000e+00  0.000000e+00  0.000000e+00  0.000000e+00  0.000000e+00  0.000000e+00  0.000000e+00  0.000000e+00  0.000000e+00  0.000000e+00  0.000000e+00  0.000000e+00  0.000000e+00  0.000000e+00  0.000000e+00  0.000000e+00  0.000000e+00  0.000000e+00  0.000000e+00  0.000000e+00  0.000000e+00  0.000000e+00  0.000000e+00  0.000000e+00  0.000000e+00  0.000000e+00  0.000000e+00  0.000000e+00  0.000000e+00  0.000000e+00  0.000000e+00  0.000000e+00  0.000000e+00  0.000000e+00  0.000000e+00  0.000000e+00  0.000000e+00  0.000000e+00  0.000000e+00  0.000000e+00  0.000000e+00  0.000000e+00  0.000000e+00  0.000000e+00  0.000000e+00  0.000000e+00  0.000000e+00  0.000000e+00  0.000000e+00  0.000000e+00  0.000000e+00  0.000000e+00  0.000000e+00  0.000000e+00  0.000000e+00  0.000000e+00  0.000000e+00  0.000000e+00 
Re_A0 =  2.747624e-07 -2.998471e-07  3.110356e-07 -3.038346e-07  2.774781e-07 -2.343216e-07  1.779432e-07 -1.125334e-07  4.497780e-08  1.313615e-08 -4.906904e-08  5.816149e-08 -4.847742e-08  3.341715e-08 -2.422058e-08  3.465979e-08 -8.259972e-08  1.924698e-07 -4.542840e-07  1.239798e-06 -3.686157e-06  1.041582e-05 -2.518270e-05  5.313926e-05 -2.482982e-04 -5.606892e-03 -3.220154e-02  2.241435e-02  1.227269e-01 -2.249625e-02  3.316875e-02 -7.491060e-02 -1.943791e-02 -8.047241e-04 -3.427374e-04  3.631616e-04 -2.065949e-04  9.136780e-05 -3.560377e-05  1.275768e-05 -4.046614e-06  8.839617e-07  1.394956e-07 -3.588578e-07  3.162743e-07 -2.300913e-07  1.755540e-07 -1.609728e-07  1.669842e-07 -1.704569e-07  1.552297e-07 -1.134322e-07  4.549465e-08  3.898716e-08 -1.237138e-07  1.927778e-07 -2.375256e-07  2.579856e-07 -2.589271e-07  2.450035e-07 -2.189592e-07 
Im_A0 =  8.286376e-07 -8.434445e-07  8.360474e-07 -8.078565e-07  7.553920e-07 -6.737506e-07  5.673435e-07 -4.580021e-07  3.800304e-07 -3.635081e-07  4.203768e-07 -5.453598e-07  7.250340e-07 -9.393779e-07  1.159981e-06 -1.366669e-06  1.584615e-06 -1.915561e-06  2.579112e-06 -3.949078e-06  6.546371e-06 -1.043186e-05  1.507773e-05 -1.289531e-05 -1.895654e-04 -5.862307e-03  1.480945e-02  8.304608e-02 -2.603867e-02 -8.460195e-02 -1.461162e-02 -7.753605e-02 -7.026133e-02  1.500287e-02 -5.258667e-03  1.842627e-03 -6.109113e-04  1.936314e-04 -5.846707e-05  1.587127e-05 -2.851877e-06 -8.116239e-07  1.603427e-06 -1.595912e-06  1.416190e-06 -1.222571e-06  1.039689e-06 -8.680982e-07  7.127080e-07 -5.849065e-07  4.978380e-07 -4.602280e-07  4.717382e-07 -5.221069e-07  5.944683e-07 -6.710328e-07  7.380050e-07 -7.873592e-07  8.155976e-07 -8.217157e-07  8.064675e-07 
Re_Ah =  3.275661e-07  3.005255e-07  2.703250e-07  2.399491e-07  2.210579e-07  2.293711e-07  2.732238e-07  3.447263e-07  4.240978e-07  4.965440e-07  5.637908e-07  6.325640e-07  6.969596e-07  7.554054e-07  8.487121e-07  1.043257e-06  1.366869e-06  1.783981e-06  2.237178e-06  2.412262e-06  1.049612e-06 -9.624749e-06  1.763285e-04 -2.472241e-04  8.856062e-05 -3.752780e-04 -3.995104e-03  3.490130e-02  1.171609e-01 -4.533461e-01 -5.447987e-01 -4.157153e-01  1.628998e-01 -2.185064e-02  1.215710e-02 -9.982029e-04  1.680263e-04  9.381966e-05  4.097348e-05  1.561524e-05  5.119782e-06  1.181824e-06 -2.578097e-07 -8.151945e-07 -1.038970e-06 -1.081464e-06 -9.912728e-07 -8.199227e-07 -6.309863e-07 -4.787076e-07 -3.987477e-07 -4.095708e-07 -5.098433e-07 -6.746346e-07 -8.621805e-07 -1.031200e-06 -1.156284e-06 -1.230983e-06 -1.259897e-06 -1.249189e-06 -1.203295e-06 
Im_Ah = -1.383629e-06 -1.474866e-06 -1.516940e-06 -1.500441e-06 -1.410326e-06 -1.232167e-06 -9.694062e-07 -6.576111e-07 -3.593856e-07 -1.388987e-07 -3.461495e-08 -4.967706e-08 -1.574269e-07 -3.035946e-07 -4.028788e-07 -3.578763e-07 -1.222599e-07  2.362438e-07  5.211737e-07  3.436689e-07 -3.243269e-08  7.616164e-06 -5.473199e-05  1.872951e-04 -8.160516e-05  2.009229e-04 -4.344715e-03 -2.670624e-02  1.620954e-01  3.481329e-01 -5.914880e-01  5.397134e-01  8.489929e-02 -2.386975e-02  2.279347e-02 -2.335423e-03 -3.810385e-04 -1.112581e-04 -3.300147e-05 -8.172868e-06 -5.616401e-07  1.532501e-06  1.867650e-06  1.641153e-06  1.290904e-06  9.848266e-07  7.690767e-07  6.332373e-07  5.447804e-07  4.652815e-07  3.623397e-07  2.207895e-07  4.618838e-08 -1.414143e-07 -3.176238e-07 -4.618572e-07 -5.613238e-07 -6.114121e-07 -6.142042e-07 -5.766434e-07 -5.089595e-07 