#    
#    

#------------ Paramètres ------------
calcul_type : STD
Pola    : TM
n_super = 1.000000 + i0.000000
n_sub   = 1.300000 + i7.100000
L       = 0.833333
h       = 0.800000
coef_h  = 1.000000
lambda  = 0.600000
theta_i = 0.000000
N       = 20
NS      = 100
delta_h = 0.000727
Nstep   = 1100
N_x = 256
Calcul_duration = 10.660000 s 

#------------ Efficacités -------------
somm_eff          =  1.584231e-01
un_moins_somm_eff =  8.415769e-01
somm_eff_R        =  1.633194e-01
somm_eff_T        = -4.896288e-03
eff_R       =  5.326441e-02  5.679054e-02  5.326441e-02 
N_eff_R     = -1.000000e+00  0.000000e+00  1.000000e+00 
theta_eff_R = -4.605448e+01  0.000000e+00  4.605448e+01 
eff_T       = -1.595209e-03 -1.705869e-03 -1.595209e-03 
N_eff_T     = -1.000000e+00  0.000000e+00  1.000000e+00 
theta_eff_T = -1.029400e+00  0.000000e+00  1.029400e+00 
Re_Ai =  0.000000e+00  0.000000e+00  0.000000e+00  0.000000e+00  0.000000e+00  0.000000e+00  0.000000e+00  0.000000e+00  0.000000e+00  0.000000e+00  0.000000e+00  0.000000e+00  0.000000e+00  0.000000e+00  0.000000e+00  0.000000e+00  0.000000e+00  0.000000e+00  0.000000e+00  0.000000e+00  1.000000e+00  0.000000e+00  0.000000e+00  0.000000e+00  0.000000e+00  0.000000e+00  0.000000e+00  0.000000e+00  0.000000e+00  0.000000e+00  0.000000e+00  0.000000e+00  0.000000e+00  0.000000e+00  0.000000e+00  0.000000e+00  0.000000e+00  0.000000e+00  0.000000e+00  0.000000e+00  0.000000e+00 
Im_Ai =  0.000000e+00  0.000000e+00  0.000000e+00  0.000000e+00  0.000000e+00  0.000000e+00  0.000000e+00  0.000000e+00  0.000000e+00  0.000000e+00  0.000000e+00  0.000000e+00  0.000000e+00  0.000000e+00  0.000000e+00  0.000000e+00  0.000000e+00  0.000000e+00  0.000000e+00  0.000000e+00  0.000000e+00  0.000000e+00  0.000000e+00  0.000000e+00  0.000000e+00  0.000000e+00  0.000000e+00  0.000000e+00  0.000000e+00  0.000000e+00  0.000000e+00  0.000000e+00  0.000000e+00  0.000000e+00  0.000000e+00  0.000000e+00  0.000000e+00  0.000000e+00  0.000000e+00  0.000000e+00  0.000000e+00 
Re_A0 = -6.829849e-04  4.968414e-04 -3.116255e-04  1.298493e-04  4.781299e-05 -2.222944e-04  3.948671e-04 -5.644761e-04  7.235841e-04 -8.528998e-04  9.159528e-04 -8.551571e-04  5.921372e-04 -3.829164e-05 -8.670276e-04  2.027482e-03 -2.684296e-03 -1.217684e-03  4.160390e-02 -1.707049e-02  2.256161e-01 -1.707049e-02  4.160390e-02 -1.217684e-03 -2.684296e-03  2.027482e-03 -8.670276e-04 -3.829164e-05  5.921372e-04 -8.551571e-04  9.159528e-04 -8.528998e-04  7.235841e-04 -5.644761e-04  3.948671e-04 -2.222944e-04  4.781299e-05  1.298493e-04 -3.116255e-04  4.968414e-04 -6.829849e-04 
Im_A0 = -2.580451e-03  2.216823e-03 -1.796397e-03  1.344121e-03 -8.921022e-04  4.785198e-04 -1.464817e-04 -5.665203e-05  7.886038e-05  1.387455e-04 -6.669030e-04  1.597767e-03 -3.063314e-03  5.273445e-03 -8.603028e-03  1.381305e-02 -2.269664e-02  4.051668e-02 -9.501796e-02 -2.765164e-01 -7.673286e-02 -2.765164e-01 -9.501796e-02  4.051668e-02 -2.269664e-02  1.381305e-02 -8.603028e-03  5.273445e-03 -3.063314e-03  1.597767e-03 -6.669030e-04  1.387455e-04  7.886038e-05 -5.665203e-05 -1.464817e-04  4.785198e-04 -8.921022e-04  1.344121e-03 -1.796397e-03  2.216823e-03 -2.580451e-03 
Re_Ah =  2.443754e-02  2.270610e-02  2.062350e-02  1.819691e-02  1.543448e-02  1.232416e-02  8.798760e-03  4.687940e-03 -3.387694e-04 -6.828078e-03 -1.558074e-02 -2.764299e-02 -4.421124e-02 -6.640145e-02 -9.484839e-02 -1.291606e-01 -1.673818e-01 -2.057520e-01 -2.390944e-01 -2.619388e-01 -2.700804e-01 -2.619388e-01 -2.390944e-01 -2.057520e-01 -1.673818e-01 -1.291606e-01 -9.484839e-02 -6.640145e-02 -4.421124e-02 -2.764299e-02 -1.558074e-02 -6.828078e-03 -3.387694e-04  4.687940e-03  8.798760e-03  1.232416e-02  1.543448e-02  1.819691e-02  2.062350e-02  2.270610e-02  2.443754e-02 
Im_Ah = -1.513821e-02 -1.152320e-02 -7.561746e-03 -3.328036e-03  1.105460e-03  5.672627e-03  1.031538e-02  1.497972e-02  1.960311e-02  2.408982e-02  2.827247e-02  3.186150e-02  3.439435e-02  3.521458e-02  3.353857e-02  2.868331e-02  2.048729e-02  9.807665e-03 -1.238447e-03 -9.687508e-03 -1.286537e-02 -9.687508e-03 -1.238447e-03  9.807665e-03  2.048729e-02  2.868331e-02  3.353857e-02  3.521458e-02  3.439435e-02  3.186150e-02  2.827247e-02  2.408982e-02  1.960311e-02  1.497972e-02  1.031538e-02  5.672627e-03  1.105460e-03 -3.328036e-03 -7.561746e-03 -1.152320e-02 -1.513821e-02 