#    
#    

#------------ Paramètres ------------
type_calcul : ELLIPSO
Pola    : TM
n_super = 1.000000 + i0.000000
n_sub   = 1.500000 + i0.000000
L       = 30.000000
h       = 1.000000
coef_h  = 1.000000
lambda  = 0.632800
angle_i = 0.000000
N       = 100
NS      = 25
delta_h = 0.000199
Nstep   = 5025
N_x = 256

#------------ Efficacités -------------
somm_eff          =  1.000000e+00
un_moins_somm_eff = -2.087219e-14
somm_eff_R        =  3.970876e-02
somm_eff_T        =  9.602912e-01
eff_R       =  7.453704e-12  1.547094e-12  4.400957e-11  2.677346e-11  2.672674e-11  2.976747e-11  9.897287e-12  9.212406e-11  1.270405e-12  1.405549e-11  1.119434e-11  1.058508e-10  1.173421e-11  8.795598e-11  1.546075e-11  8.069051e-12  4.294125e-11  5.713312e-12  1.244285e-12  8.850388e-11  8.126481e-13  1.730543e-11  1.191549e-13  1.918217e-11  6.914912e-11  7.292743e-11  4.883693e-12  3.562758e-11  1.427018e-12  2.113545e-10  4.558324e-09  4.461116e-08  3.790311e-07  3.150988e-06  2.116063e-05  1.136968e-04  4.768897e-04  1.486718e-03  3.206251e-03  4.168883e-03  2.248943e-03  4.444688e-06  1.994558e-03  2.151560e-03  6.102571e-05  2.591929e-03  1.502221e-04  2.349042e-03  1.502221e-04  2.591929e-03  6.102571e-05  2.151560e-03  1.994558e-03  4.444688e-06  2.248943e-03  4.168883e-03  3.206251e-03  1.486718e-03  4.768897e-04  1.136968e-04  2.116063e-05  3.150988e-06  3.790311e-07  4.461116e-08  4.558324e-09  2.113545e-10  1.427018e-12  3.562758e-11  4.883693e-12  7.292743e-11  6.914912e-11  1.918217e-11  1.191549e-13  1.730543e-11  8.126481e-13  8.850388e-11  1.244285e-12  5.713312e-12  4.294125e-11  8.069051e-12  1.546075e-11  8.795598e-11  1.173421e-11  1.058508e-10  1.119434e-11  1.405549e-11  1.270405e-12  9.212406e-11  9.897287e-12  2.976747e-11  2.672674e-11  2.677346e-11  4.400957e-11  1.547094e-12  7.453704e-12 
N_eff_R     = -4.700000e+01 -4.600000e+01 -4.500000e+01 -4.400000e+01 -4.300000e+01 -4.200000e+01 -4.100000e+01 -4.000000e+01 -3.900000e+01 -3.800000e+01 -3.700000e+01 -3.600000e+01 -3.500000e+01 -3.400000e+01 -3.300000e+01 -3.200000e+01 -3.100000e+01 -3.000000e+01 -2.900000e+01 -2.800000e+01 -2.700000e+01 -2.600000e+01 -2.500000e+01 -2.400000e+01 -2.300000e+01 -2.200000e+01 -2.100000e+01 -2.000000e+01 -1.900000e+01 -1.800000e+01 -1.700000e+01 -1.600000e+01 -1.500000e+01 -1.400000e+01 -1.300000e+01 -1.200000e+01 -1.100000e+01 -1.000000e+01 -9.000000e+00 -8.000000e+00 -7.000000e+00 -6.000000e+00 -5.000000e+00 -4.000000e+00 -3.000000e+00 -2.000000e+00 -1.000000e+00  0.000000e+00  1.000000e+00  2.000000e+00  3.000000e+00  4.000000e+00  5.000000e+00  6.000000e+00  7.000000e+00  8.000000e+00  9.000000e+00  1.000000e+01  1.100000e+01  1.200000e+01  1.300000e+01  1.400000e+01  1.500000e+01  1.600000e+01  1.700000e+01  1.800000e+01  1.900000e+01  2.000000e+01  2.100000e+01  2.200000e+01  2.300000e+01  2.400000e+01  2.500000e+01  2.600000e+01  2.700000e+01  2.800000e+01  2.900000e+01  3.000000e+01  3.100000e+01  3.200000e+01  3.300000e+01  3.400000e+01  3.500000e+01  3.600000e+01  3.700000e+01  3.800000e+01  3.900000e+01  4.000000e+01  4.100000e+01  4.200000e+01  4.300000e+01  4.400000e+01  4.500000e+01  4.600000e+01  4.700000e+01 
theta_eff_R = -8.247449e+01 -7.599943e+01 -7.165890e+01 -6.814157e+01 -6.509582e+01 -6.236495e+01 -5.986292e+01 -5.753647e+01 -5.534995e+01 -5.327805e+01 -5.130210e+01 -4.940781e+01 -4.758397e+01 -4.582159e+01 -4.411334e+01 -4.245311e+01 -4.083579e+01 -3.925700e+01 -3.771301e+01 -3.620054e+01 -3.471676e+01 -3.325914e+01 -3.182545e+01 -3.041370e+01 -2.902208e+01 -2.764897e+01 -2.629289e+01 -2.495249e+01 -2.362653e+01 -2.231386e+01 -2.101342e+01 -1.972423e+01 -1.844535e+01 -1.717593e+01 -1.591514e+01 -1.466221e+01 -1.341642e+01 -1.217705e+01 -1.094345e+01 -9.714955e+00 -8.490958e+00 -7.270853e+00 -6.054054e+00 -4.839990e+00 -3.628101e+00 -2.417835e+00 -1.208649e+00  0.000000e+00  1.208649e+00  2.417835e+00  3.628101e+00  4.839990e+00  6.054054e+00  7.270853e+00  8.490958e+00  9.714955e+00  1.094345e+01  1.217705e+01  1.341642e+01  1.466221e+01  1.591514e+01  1.717593e+01  1.844535e+01  1.972423e+01  2.101342e+01  2.231386e+01  2.362653e+01  2.495249e+01  2.629289e+01  2.764897e+01  2.902208e+01  3.041370e+01  3.182545e+01  3.325914e+01  3.471676e+01  3.620054e+01  3.771301e+01  3.925700e+01  4.083579e+01  4.245311e+01  4.411334e+01  4.582159e+01  4.758397e+01  4.940781e+01  5.130210e+01  5.327805e+01  5.534995e+01  5.753647e+01  5.986292e+01  6.236495e+01  6.509582e+01  6.814157e+01  7.165890e+01  7.599943e+01  8.247449e+01 
eff_T       =  2.529330e-11  1.582450e-10  5.642985e-12  1.130500e-10  2.637854e-11  2.711890e-11  1.221138e-11  1.182124e-10  1.474949e-11  7.015233e-11  5.104812e-13  7.017784e-12  2.096355e-11  2.632830e-13  4.319578e-11  3.388327e-12  3.030311e-12  6.222192e-13  1.889323e-12  3.610609e-12  1.507365e-11  4.135202e-12  9.780022e-11  1.555010e-11  1.619262e-10  1.347553e-11  3.312089e-11  2.880342e-13  1.057005e-11  2.018019e-11  2.276124e-11  1.586115e-11  4.981285e-11  5.401815e-11  5.285109e-12  4.878616e-11  1.741109e-11  2.525357e-11  2.662998e-11  3.868475e-11  2.892941e-11  1.991021e-11  1.593109e-12  1.213371e-10  7.128848e-12  1.990443e-10  5.903382e-13  1.213127e-11  7.920804e-12  5.766710e-11  1.385085e-12  7.126858e-12  3.080760e-12  8.232322e-11  7.111137e-11  1.319834e-10  4.997691e-11  1.504827e-10  2.401234e-12  1.092387e-11  1.020035e-11  3.200437e-10  3.176675e-10  1.198110e-08  4.456924e-07  1.424766e-05  3.262709e-04  4.876579e-03  4.342051e-02  1.889785e-01  2.417849e-01  1.488321e-03  2.417849e-01  1.889785e-01  4.342051e-02  4.876579e-03  3.262709e-04  1.424766e-05  4.456924e-07  1.198110e-08  3.176675e-10  3.200437e-10  1.020035e-11  1.092387e-11  2.401234e-12  1.504827e-10  4.997691e-11  1.319834e-10  7.111137e-11  8.232322e-11  3.080760e-12  7.126858e-12  1.385085e-12  5.766710e-11  7.920804e-12  1.213127e-11  5.903382e-13  1.990443e-10  7.128848e-12  1.213371e-10  1.593109e-12  1.991021e-11  2.892941e-11  3.868475e-11  2.662998e-11  2.525357e-11  1.741109e-11  4.878616e-11  5.285109e-12  5.401815e-11  4.981285e-11  1.586115e-11  2.276124e-11  2.018019e-11  1.057005e-11  2.880342e-13  3.312089e-11  1.347553e-11  1.619262e-10  1.555010e-11  9.780022e-11  4.135202e-12  1.507365e-11  3.610609e-12  1.889323e-12  6.222192e-13  3.030311e-12  3.388327e-12  4.319578e-11  2.632830e-13  2.096355e-11  7.017784e-12  5.104812e-13  7.015233e-11  1.474949e-11  1.182124e-10  1.221138e-11  2.711890e-11  2.637854e-11  1.130500e-10  5.642985e-12  1.582450e-10  2.529330e-11 
N_eff_T     = -7.100000e+01 -7.000000e+01 -6.900000e+01 -6.800000e+01 -6.700000e+01 -6.600000e+01 -6.500000e+01 -6.400000e+01 -6.300000e+01 -6.200000e+01 -6.100000e+01 -6.000000e+01 -5.900000e+01 -5.800000e+01 -5.700000e+01 -5.600000e+01 -5.500000e+01 -5.400000e+01 -5.300000e+01 -5.200000e+01 -5.100000e+01 -5.000000e+01 -4.900000e+01 -4.800000e+01 -4.700000e+01 -4.600000e+01 -4.500000e+01 -4.400000e+01 -4.300000e+01 -4.200000e+01 -4.100000e+01 -4.000000e+01 -3.900000e+01 -3.800000e+01 -3.700000e+01 -3.600000e+01 -3.500000e+01 -3.400000e+01 -3.300000e+01 -3.200000e+01 -3.100000e+01 -3.000000e+01 -2.900000e+01 -2.800000e+01 -2.700000e+01 -2.600000e+01 -2.500000e+01 -2.400000e+01 -2.300000e+01 -2.200000e+01 -2.100000e+01 -2.000000e+01 -1.900000e+01 -1.800000e+01 -1.700000e+01 -1.600000e+01 -1.500000e+01 -1.400000e+01 -1.300000e+01 -1.200000e+01 -1.100000e+01 -1.000000e+01 -9.000000e+00 -8.000000e+00 -7.000000e+00 -6.000000e+00 -5.000000e+00 -4.000000e+00 -3.000000e+00 -2.000000e+00 -1.000000e+00  0.000000e+00  1.000000e+00  2.000000e+00  3.000000e+00  4.000000e+00  5.000000e+00  6.000000e+00  7.000000e+00  8.000000e+00  9.000000e+00  1.000000e+01  1.100000e+01  1.200000e+01  1.300000e+01  1.400000e+01  1.500000e+01  1.600000e+01  1.700000e+01  1.800000e+01  1.900000e+01  2.000000e+01  2.100000e+01  2.200000e+01  2.300000e+01  2.400000e+01  2.500000e+01  2.600000e+01  2.700000e+01  2.800000e+01  2.900000e+01  3.000000e+01  3.100000e+01  3.200000e+01  3.300000e+01  3.400000e+01  3.500000e+01  3.600000e+01  3.700000e+01  3.800000e+01  3.900000e+01  4.000000e+01  4.100000e+01  4.200000e+01  4.300000e+01  4.400000e+01  4.500000e+01  4.600000e+01  4.700000e+01  4.800000e+01  4.900000e+01  5.000000e+01  5.100000e+01  5.200000e+01  5.300000e+01  5.400000e+01  5.500000e+01  5.600000e+01  5.700000e+01  5.800000e+01  5.900000e+01  6.000000e+01  6.100000e+01  6.200000e+01  6.300000e+01  6.400000e+01  6.500000e+01  6.600000e+01  6.700000e+01  6.800000e+01  6.900000e+01  7.000000e+01  7.100000e+01 
theta_eff_T = -8.677647e+01 -7.985187e+01 -7.599943e+01 -7.298557e+01 -7.041904e+01 -6.814157e+01 -6.607038e+01 -6.415573e+01 -6.236495e+01 -6.067525e+01 -5.906996e+01 -5.753647e+01 -5.606497e+01 -5.464761e+01 -5.327805e+01 -5.195104e+01 -5.066220e+01 -4.940781e+01 -4.818468e+01 -4.699007e+01 -4.582159e+01 -4.467714e+01 -4.355487e+01 -4.245311e+01 -4.137041e+01 -4.030544e+01 -3.925700e+01 -3.822402e+01 -3.720550e+01 -3.620054e+01 -3.520833e+01 -3.422810e+01 -3.325914e+01 -3.230082e+01 -3.135253e+01 -3.041370e+01 -2.948382e+01 -2.856240e+01 -2.764897e+01 -2.674311e+01 -2.584441e+01 -2.495249e+01 -2.406699e+01 -2.318755e+01 -2.231386e+01 -2.144561e+01 -2.058249e+01 -1.972423e+01 -1.887055e+01 -1.802120e+01 -1.717593e+01 -1.633449e+01 -1.549666e+01 -1.466221e+01 -1.383094e+01 -1.300262e+01 -1.217705e+01 -1.135405e+01 -1.053341e+01 -9.714955e+00 -8.898495e+00 -8.083853e+00 -7.270853e+00 -6.459321e+00 -5.649090e+00 -4.839990e+00 -4.031856e+00 -3.224526e+00 -2.417835e+00 -1.611624e+00 -8.057325e-01  0.000000e+00  8.057325e-01  1.611624e+00  2.417835e+00  3.224526e+00  4.031856e+00  4.839990e+00  5.649090e+00  6.459321e+00  7.270853e+00  8.083853e+00  8.898495e+00  9.714955e+00  1.053341e+01  1.135405e+01  1.217705e+01  1.300262e+01  1.383094e+01  1.466221e+01  1.549666e+01  1.633449e+01  1.717593e+01  1.802120e+01  1.887055e+01  1.972423e+01  2.058249e+01  2.144561e+01  2.231386e+01  2.318755e+01  2.406699e+01  2.495249e+01  2.584441e+01  2.674311e+01  2.764897e+01  2.856240e+01  2.948382e+01  3.041370e+01  3.135253e+01  3.230082e+01  3.325914e+01  3.422810e+01  3.520833e+01  3.620054e+01  3.720550e+01  3.822402e+01  3.925700e+01  4.030544e+01  4.137041e+01  4.245311e+01  4.355487e+01  4.467714e+01  4.582159e+01  4.699007e+01  4.818468e+01  4.940781e+01  5.066220e+01  5.195104e+01  5.327805e+01  5.464761e+01  5.606497e+01  5.753647e+01  5.906996e+01  6.067525e+01  6.236495e+01  6.415573e+01  6.607038e+01  6.814157e+01  7.041904e+01  7.298557e+01  7.599943e+01  7.985187e+01  8.677647e+01 
effR_s  =  8.247608e-12  3.423474e-12  6.214061e-11  3.513600e-11  2.665057e-11  3.072628e-11  7.350685e-12  1.095499e-10  2.759719e-13  1.483261e-11  9.910339e-12  1.225637e-10  1.333563e-11  1.044722e-10  1.602416e-11  1.165185e-11  5.044299e-11  6.670963e-12  2.169862e-12  9.932430e-11  5.978549e-13  1.951298e-11  1.820226e-13  1.936070e-11  7.045688e-11  7.595849e-11  5.567820e-12  3.797632e-11  1.544771e-12  2.355818e-10  4.969443e-09  4.811927e-08  4.060067e-07  3.341719e-06  2.225457e-05  1.186678e-04  4.942843e-04  1.531364e-03  3.284376e-03  4.250244e-03  2.284392e-03  4.638285e-06  2.007879e-03  2.163636e-03  6.063105e-05  2.594853e-03  1.511661e-04  2.348176e-03  1.511661e-04  2.594853e-03  6.063105e-05  2.163636e-03  2.007879e-03  4.638285e-06  2.284392e-03  4.250244e-03  3.284376e-03  1.531364e-03  4.942843e-04  1.186678e-04  2.225457e-05  3.341719e-06  4.060067e-07  4.811927e-08  4.969443e-09  2.355818e-10  1.544771e-12  3.797632e-11  5.567820e-12  7.595849e-11  7.045688e-11  1.936070e-11  1.820226e-13  1.951298e-11  5.978549e-13  9.932430e-11  2.169862e-12  6.670963e-12  5.044299e-11  1.165185e-11  1.602416e-11  1.044722e-10  1.333563e-11  1.225637e-10  9.910339e-12  1.483261e-11  2.759719e-13  1.095499e-10  7.350685e-12  3.072628e-11  2.665057e-11  3.513600e-11  6.214061e-11  3.423474e-12  8.247608e-12 
effR_p  =  7.453704e-12  1.547094e-12  4.400957e-11  2.677346e-11  2.672674e-11  2.976747e-11  9.897287e-12  9.212406e-11  1.270405e-12  1.405549e-11  1.119434e-11  1.058508e-10  1.173421e-11  8.795598e-11  1.546075e-11  8.069051e-12  4.294125e-11  5.713312e-12  1.244285e-12  8.850388e-11  8.126481e-13  1.730543e-11  1.191549e-13  1.918217e-11  6.914912e-11  7.292743e-11  4.883693e-12  3.562758e-11  1.427018e-12  2.113545e-10  4.558324e-09  4.461116e-08  3.790311e-07  3.150988e-06  2.116063e-05  1.136968e-04  4.768897e-04  1.486718e-03  3.206251e-03  4.168883e-03  2.248943e-03  4.444688e-06  1.994558e-03  2.151560e-03  6.102571e-05  2.591929e-03  1.502221e-04  2.349042e-03  1.502221e-04  2.591929e-03  6.102571e-05  2.151560e-03  1.994558e-03  4.444688e-06  2.248943e-03  4.168883e-03  3.206251e-03  1.486718e-03  4.768897e-04  1.136968e-04  2.116063e-05  3.150988e-06  3.790311e-07  4.461116e-08  4.558324e-09  2.113545e-10  1.427018e-12  3.562758e-11  4.883693e-12  7.292743e-11  6.914912e-11  1.918217e-11  1.191549e-13  1.730543e-11  8.126481e-13  8.850388e-11  1.244285e-12  5.713312e-12  4.294125e-11  8.069051e-12  1.546075e-11  8.795598e-11  1.173421e-11  1.058508e-10  1.119434e-11  1.405549e-11  1.270405e-12  9.212406e-11  9.897287e-12  2.976747e-11  2.672674e-11  2.677346e-11  4.400957e-11  1.547094e-12  7.453704e-12 
delta_s = -8.873230e+01 -1.500190e+02  1.085226e+02  5.425360e+01  1.347143e+02 -1.050743e+02 -3.805805e+01  8.933953e+01 -1.420837e+02 -5.156223e+01  4.826664e-02  1.196173e+02 -1.480384e+02  1.090871e+02 -1.338957e+02  1.649960e+02  4.756672e+01  4.433507e+01  4.604447e+01 -3.540832e+01  5.823104e+01  1.835182e+01  5.113106e+01 -3.120930e+01  8.306276e+01  1.590202e+02  8.840866e+01 -1.630004e+02  9.877212e+01  1.778890e+02  1.000381e+02  1.180784e+01 -7.572251e+01 -1.638625e+02  1.080012e+02  1.963086e+01 -6.886153e+01 -1.575023e+02  1.137286e+02  2.482034e+01 -6.421726e+01 -1.534484e+02 -6.268649e+01 -1.521120e+02 -6.167244e+01 -1.513559e+02  1.188382e+02 -1.510980e+02  1.188382e+02 -1.513559e+02 -6.167244e+01 -1.521120e+02 -6.268649e+01 -1.534484e+02 -6.421726e+01  2.482034e+01  1.137286e+02 -1.575023e+02 -6.886153e+01  1.963086e+01  1.080012e+02 -1.638625e+02 -7.572251e+01  1.180784e+01  1.000381e+02  1.778890e+02  9.877212e+01 -1.630004e+02  8.840866e+01  1.590202e+02  8.306276e+01 -3.120930e+01  5.113106e+01  1.835182e+01  5.823104e+01 -3.540832e+01  4.604447e+01  4.433507e+01  4.756672e+01  1.649960e+02 -1.338957e+02  1.090871e+02 -1.480384e+02  1.196173e+02  4.826664e-02 -5.156223e+01 -1.420837e+02  8.933953e+01 -3.805805e+01 -1.050743e+02  1.347143e+02  5.425360e+01  1.085226e+02 -1.500190e+02 -8.873230e+01 
delta_p =  8.654729e+01  5.151728e+01 -7.184227e+01 -1.233145e+02 -4.159569e+01  7.520710e+01  1.509686e+02 -8.967706e+01  2.621053e+01  1.289076e+02 -1.739822e+02 -5.998596e+01  3.490959e+01 -7.071750e+01  4.427534e+01 -1.138583e+01 -1.326368e+02 -1.308320e+02 -1.314082e+02  1.449531e+02 -1.240598e+02 -1.610476e+02 -1.175423e+02  1.499546e+02 -9.693077e+01 -2.050341e+01 -8.927001e+01  1.732997e+01 -8.262363e+01 -2.265995e+00 -7.976424e+01 -1.681114e+02  1.043546e+02  1.620116e+01 -7.194666e+01 -1.603303e+02  1.111683e+02  2.252010e+01 -6.625526e+01 -1.551688e+02  1.157896e+02  2.655198e+01  1.173162e+02  2.788961e+01  1.183299e+02  2.864476e+01 -6.116335e+01  2.890262e+01 -6.116335e+01  2.864476e+01  1.183299e+02  2.788961e+01  1.173162e+02  2.655198e+01  1.157896e+02 -1.551688e+02 -6.625526e+01  2.252010e+01  1.111683e+02 -1.603303e+02 -7.194666e+01  1.620116e+01  1.043546e+02 -1.681114e+02 -7.976424e+01 -2.265995e+00 -8.262363e+01  1.732997e+01 -8.927001e+01 -2.050341e+01 -9.693077e+01  1.499546e+02 -1.175423e+02 -1.610476e+02 -1.240598e+02  1.449531e+02 -1.314082e+02 -1.308320e+02 -1.326368e+02 -1.138583e+01  4.427534e+01 -7.071750e+01  3.490959e+01 -5.998596e+01 -1.739822e+02  1.289076e+02  2.621053e+01 -8.967706e+01  1.509686e+02  7.520710e+01 -4.159569e+01 -1.233145e+02 -7.184227e+01  5.151728e+01  8.654729e+01 
delta   =  0.000000e+00  1.800000e+02  1.800000e+02 -1.800000e+02  1.800000e+02  1.800000e+02 -1.800000e+02  0.000000e+00  1.800000e+02 -1.800000e+02 -1.800000e+02  1.800000e+02  1.800000e+02  1.800000e+02  1.800000e+02  1.800000e+02 -1.800000e+02 -1.800000e+02 -1.800000e+02 -1.800000e+02 -1.800000e+02 -1.800000e+02 -1.800000e+02 -1.800000e+02 -1.800000e+02  1.800000e+02  0.000000e+00  1.800000e+02  1.800000e+02  1.800000e+02  1.800000e+02 -1.800000e+02 -1.800000e+02  1.800000e+02  1.800000e+02 -1.800000e+02 -1.800000e+02  1.800000e+02  1.800000e+02 -1.800000e+02 -1.800000e+02  1.800000e+02 -1.800000e+02  1.800000e+02 -1.800000e+02  1.800000e+02  1.800000e+02  1.800000e+02  1.800000e+02  1.800000e+02 -1.800000e+02  1.800000e+02 -1.800000e+02  1.800000e+02 -1.800000e+02 -1.800000e+02  1.800000e+02  1.800000e+02 -1.800000e+02 -1.800000e+02  1.800000e+02  1.800000e+02 -1.800000e+02 -1.800000e+02  1.800000e+02  1.800000e+02  1.800000e+02  1.800000e+02  0.000000e+00  1.800000e+02 -1.800000e+02 -1.800000e+02 -1.800000e+02 -1.800000e+02 -1.800000e+02 -1.800000e+02 -1.800000e+02 -1.800000e+02 -1.800000e+02  1.800000e+02  1.800000e+02  1.800000e+02  1.800000e+02  1.800000e+02 -1.800000e+02 -1.800000e+02  1.800000e+02  0.000000e+00 -1.800000e+02  1.800000e+02  1.800000e+02 -1.800000e+02  1.800000e+02  1.800000e+02  0.000000e+00 