#    
#    

#------------ Paramètres ------------
type_calcul : COMB_MAT_S_ELLIPSO
Pola    : TM
n_super = 1.000000 + i0.000000
n_sub   = 1.000000 + i0.000000
L       = 5000.000000
h       = 100.000000
coef_h  = 1.000000
lambda  = 632.799988
angle_i = 0.000000
N       = 15
NS      = 100
delta_h = 0.500000
Nstep   = 200
N_x = 128

#------------ Efficacités -------------
somm_eff          =  1.000000e+00
un_moins_somm_eff = -1.536282e-11
somm_eff_R        =  1.106989e-01
somm_eff_T        =  8.893011e-01
eff_R       =  2.079252e-06  2.221519e-05  1.179006e-05  3.326255e-05  1.593279e-05  2.596601e-05  2.109659e-05  1.103427e-01  1.546762e-05  6.516234e-05  2.041761e-05  3.985666e-05  4.718959e-05  1.666954e-05  1.905853e-05 
N_eff_R     = -7.000000e+00 -6.000000e+00 -5.000000e+00 -4.000000e+00 -3.000000e+00 -2.000000e+00 -1.000000e+00  0.000000e+00  1.000000e+00  2.000000e+00  3.000000e+00  4.000000e+00  5.000000e+00  6.000000e+00  7.000000e+00 
theta_eff_R = -6.236495e+01 -4.940781e+01 -3.925700e+01 -3.041370e+01 -2.231386e+01 -1.466221e+01 -7.270853e+00  0.000000e+00  7.270853e+00  1.466221e+01  2.231386e+01  3.041370e+01  3.925700e+01  4.940781e+01  6.236495e+01 
eff_T       =  6.816540e-06  8.809668e-06  1.845453e-05  1.673142e-05  6.538100e-06  6.517923e-05  2.027834e-09  8.890566e-01  1.104140e-06  5.657527e-05  5.567731e-06  1.494898e-05  2.583495e-05  9.649817e-06  8.294858e-06 
N_eff_T     = -7.000000e+00 -6.000000e+00 -5.000000e+00 -4.000000e+00 -3.000000e+00 -2.000000e+00 -1.000000e+00  0.000000e+00  1.000000e+00  2.000000e+00  3.000000e+00  4.000000e+00  5.000000e+00  6.000000e+00  7.000000e+00 
theta_eff_T = -6.236495e+01 -4.940781e+01 -3.925700e+01 -3.041370e+01 -2.231386e+01 -1.466221e+01 -7.270853e+00  0.000000e+00  7.270853e+00  1.466221e+01  2.231386e+01  3.041370e+01  3.925700e+01  4.940781e+01  6.236495e+01 
effR_s  =  1.921824e-06  3.051101e-05  2.188902e-05  4.445306e-05  1.310972e-05  2.793746e-05  2.030540e-05  1.109373e-01  2.009833e-05  5.730508e-05  2.386645e-05  5.157798e-05  6.478666e-05  2.472529e-05  2.197474e-05 
effR_p  =  2.079252e-06  2.221519e-05  1.179006e-05  3.326255e-05  1.593279e-05  2.596601e-05  2.109659e-05  1.103427e-01  1.546762e-05  6.516234e-05  2.041761e-05  3.985666e-05  4.718959e-05  1.666954e-05  1.905853e-05 
delta_s = -8.474437e+01  1.396046e+02 -1.212627e+02 -8.677964e+00 -2.520059e+01  3.618078e+01 -9.160161e+01  1.723093e+02 -6.615113e+01 -1.332309e+02 -1.625994e+02  7.014694e+01  1.737489e+02 -6.105891e+01  8.338909e+01 
delta_p =  4.045108e+01 -4.717857e+01  4.961559e+01  1.669254e+02  1.535902e+02 -1.381815e+02  8.941583e+01 -7.655385e+00  1.139157e+02  4.465084e+01  1.428162e+01 -1.109399e+02 -1.216515e+01  1.084362e+02 -1.232918e+02 
delta   =  0.000000e+00  1.800000e+02  1.800000e+02 -1.800000e+02 -1.800000e+02 -1.800000e+02  1.800000e+02  1.800000e+02 -1.800000e+02  1.800000e+02  1.800000e+02 -1.800000e+02  1.800000e+02 -1.800000e+02 -1.800000e+02 