#    
#    

#------------ Paramètres ------------
calcul_type : ELLIPSO
Pola    : TM
n_super = 1.000000 + i0.000000
n_sub   = 1.300000 + i0.000000
L       = 1000.000000
h       = 0.200000
coef_h  = 1.000000
lambda  = 129.990005
theta_i = 0.000000
N       = 10
NS      = 100
delta_h = 0.002000
Nstep   = 100
N_x = 2048
Calcul_duration = 1.340000 s 

#------------ Efficacités -------------
somm_eff          =  1.000000e+00
un_moins_somm_eff =  5.884182e-15
somm_eff_R        =  1.701219e-02
somm_eff_T        =  9.829878e-01
eff_R       =  0.000000e+00  0.000000e+00  0.000000e+00  0.000000e+00  0.000000e+00  0.000000e+00  0.000000e+00  1.701219e-02  0.000000e+00  0.000000e+00  0.000000e+00  0.000000e+00  0.000000e+00  0.000000e+00  0.000000e+00 
N_eff_R     = -7.000000e+00 -6.000000e+00 -5.000000e+00 -4.000000e+00 -3.000000e+00 -2.000000e+00 -1.000000e+00  0.000000e+00  1.000000e+00  2.000000e+00  3.000000e+00  4.000000e+00  5.000000e+00  6.000000e+00  7.000000e+00 
theta_eff_R = -6.549569e+01 -5.125509e+01 -4.053783e+01 -3.132957e+01 -2.295263e+01 -1.506888e+01 -7.469015e+00  0.000000e+00  7.469015e+00  1.506888e+01  2.295263e+01  3.132957e+01  4.053783e+01  5.125509e+01  6.549569e+01 
eff_T       =  0.000000e+00  0.000000e+00  0.000000e+00  0.000000e+00  0.000000e+00  0.000000e+00  0.000000e+00  0.000000e+00  0.000000e+00  0.000000e+00  9.829878e-01  0.000000e+00  0.000000e+00  0.000000e+00  0.000000e+00  0.000000e+00  0.000000e+00  0.000000e+00  0.000000e+00  0.000000e+00  0.000000e+00 
N_eff_T     = -1.000000e+01 -9.000000e+00 -8.000000e+00 -7.000000e+00 -6.000000e+00 -5.000000e+00 -4.000000e+00 -3.000000e+00 -2.000000e+00 -1.000000e+00  0.000000e+00  1.000000e+00  2.000000e+00  3.000000e+00  4.000000e+00  5.000000e+00  6.000000e+00  7.000000e+00  8.000000e+00  9.000000e+00  1.000000e+01 
theta_eff_T = -8.928969e+01 -6.414898e+01 -5.312423e+01 -4.442269e+01 -3.686660e+01 -2.999746e+01 -2.357626e+01 -1.745622e+01 -1.153606e+01 -5.738728e+00  0.000000e+00  5.738728e+00  1.153606e+01  1.745622e+01  2.357626e+01  2.999746e+01  3.686660e+01  4.442269e+01  5.312423e+01  6.414898e+01  8.928969e+01 
Re_Ai =  0.000000e+00  0.000000e+00  0.000000e+00  0.000000e+00  0.000000e+00  0.000000e+00  0.000000e+00  0.000000e+00  0.000000e+00  0.000000e+00  1.000000e+00  0.000000e+00  0.000000e+00  0.000000e+00  0.000000e+00  0.000000e+00  0.000000e+00  0.000000e+00  0.000000e+00  0.000000e+00  0.000000e+00 
Im_Ai =  0.000000e+00  0.000000e+00  0.000000e+00  0.000000e+00  0.000000e+00  0.000000e+00  0.000000e+00  0.000000e+00  0.000000e+00  0.000000e+00  0.000000e+00  0.000000e+00  0.000000e+00  0.000000e+00  0.000000e+00  0.000000e+00  0.000000e+00  0.000000e+00  0.000000e+00  0.000000e+00  0.000000e+00 
Re_A0 =  0.000000e+00  0.000000e+00  0.000000e+00  0.000000e+00  0.000000e+00  0.000000e+00  0.000000e+00  0.000000e+00  0.000000e+00  0.000000e+00  1.304247e-01  0.000000e+00  0.000000e+00  0.000000e+00  0.000000e+00  0.000000e+00  0.000000e+00  0.000000e+00  0.000000e+00  0.000000e+00  0.000000e+00 
Im_A0 =  0.000000e+00  0.000000e+00  0.000000e+00  0.000000e+00  0.000000e+00  0.000000e+00  0.000000e+00  0.000000e+00  0.000000e+00  0.000000e+00  1.260778e-03  0.000000e+00  0.000000e+00  0.000000e+00  0.000000e+00  0.000000e+00  0.000000e+00  0.000000e+00  0.000000e+00  0.000000e+00  0.000000e+00 
Re_Ah =  0.000000e+00  0.000000e+00  0.000000e+00  0.000000e+00  0.000000e+00  0.000000e+00  0.000000e+00  0.000000e+00  0.000000e+00  0.000000e+00  1.130366e+00  0.000000e+00  0.000000e+00  0.000000e+00  0.000000e+00  0.000000e+00  0.000000e+00  0.000000e+00  0.000000e+00  0.000000e+00  0.000000e+00 
Im_Ah =  0.000000e+00  0.000000e+00  0.000000e+00  0.000000e+00  0.000000e+00  0.000000e+00  0.000000e+00  0.000000e+00  0.000000e+00  0.000000e+00  1.256722e-02  0.000000e+00  0.000000e+00  0.000000e+00  0.000000e+00  0.000000e+00  0.000000e+00  0.000000e+00  0.000000e+00  0.000000e+00  0.000000e+00 
effR_s  =  0.000000e+00  0.000000e+00  0.000000e+00  0.000000e+00  0.000000e+00  0.000000e+00  0.000000e+00  1.701219e-02  0.000000e+00  0.000000e+00  0.000000e+00  0.000000e+00  0.000000e+00  0.000000e+00  0.000000e+00 
effR_p  =  0.000000e+00  0.000000e+00  0.000000e+00  0.000000e+00  0.000000e+00  0.000000e+00  0.000000e+00  1.701219e-02  0.000000e+00  0.000000e+00  0.000000e+00  0.000000e+00  0.000000e+00  0.000000e+00  0.000000e+00 
deltaR_s =  0.000000e+00  0.000000e+00  0.000000e+00  0.000000e+00  0.000000e+00  0.000000e+00  0.000000e+00  0.000000e+00  0.000000e+00  0.000000e+00 -1.794462e+02  0.000000e+00  0.000000e+00  0.000000e+00  0.000000e+00  0.000000e+00  0.000000e+00  0.000000e+00  0.000000e+00  0.000000e+00  0.000000e+00 
deltaR_p =  0.000000e+00  0.000000e+00  0.000000e+00  0.000000e+00  0.000000e+00  0.000000e+00  0.000000e+00  0.000000e+00  0.000000e+00  0.000000e+00  5.538444e-01  0.000000e+00  0.000000e+00  0.000000e+00  0.000000e+00  0.000000e+00  0.000000e+00  0.000000e+00  0.000000e+00  0.000000e+00  0.000000e+00 
deltaR   =  1.800000e+02  1.800000e+02  1.800000e+02  1.800000e+02  1.800000e+02  1.800000e+02  1.800000e+02  1.800000e+02  1.800000e+02  1.800000e+02  2.099619e-15  1.800000e+02  1.800000e+02  1.800000e+02  1.800000e+02  1.800000e+02  1.800000e+02  1.800000e+02  1.800000e+02  1.800000e+02  1.800000e+02 
effT_s  =  0.000000e+00  0.000000e+00  0.000000e+00  0.000000e+00  0.000000e+00  0.000000e+00  0.000000e+00  0.000000e+00  0.000000e+00  0.000000e+00  9.829878e-01  0.000000e+00  0.000000e+00  0.000000e+00  0.000000e+00 
effT_p  =  0.000000e+00  0.000000e+00  0.000000e+00  0.000000e+00  0.000000e+00  0.000000e+00  0.000000e+00  0.000000e+00  0.000000e+00  0.000000e+00  9.829878e-01  0.000000e+00  0.000000e+00  0.000000e+00  0.000000e+00 
deltaT_s =  0.000000e+00  0.000000e+00  0.000000e+00  0.000000e+00  0.000000e+00  0.000000e+00  0.000000e+00  0.000000e+00  0.000000e+00  0.000000e+00  6.369787e-01  0.000000e+00  0.000000e+00  0.000000e+00  0.000000e+00  0.000000e+00  0.000000e+00  0.000000e+00  0.000000e+00  0.000000e+00  0.000000e+00 
deltaT_p =  0.000000e+00  0.000000e+00  0.000000e+00  0.000000e+00  0.000000e+00  0.000000e+00  0.000000e+00  0.000000e+00  0.000000e+00  0.000000e+00  6.369787e-01  0.000000e+00  0.000000e+00  0.000000e+00  0.000000e+00  0.000000e+00  0.000000e+00  0.000000e+00  0.000000e+00  0.000000e+00  0.000000e+00 
deltaT   =  1.800000e+02  1.800000e+02  1.800000e+02  1.800000e+02  1.800000e+02  1.800000e+02  1.800000e+02  1.800000e+02  1.800000e+02  1.800000e+02  1.800000e+02  1.800000e+02  1.800000e+02  1.800000e+02  1.800000e+02  1.800000e+02  1.800000e+02  1.800000e+02  1.800000e+02  1.800000e+02  1.800000e+02 
Specular:
spec_effR_s = 0.017012
spec_effR_p = 0.017012
spec_deltaR_s = -179.446156
spec_deltaR_p = 0.553844
spec_deltaR = 0.000000
spec_effT_s = 0.982988
spec_effT_p = 0.982988
spec_deltaT_s = 0.636979
spec_deltaT_p = 0.636979
spec_deltaT = 180.000000
specR_tan_Psi = 1.000000
specR_cos_delta = 1.000000