#    
#    

#------------ Paramètres ------------
calcul_type : STD
Pola    : TM
n_super = 1.000000 + i0.000000
n_sub   = 1.300000 + i7.600000
L       = 0.500000
h       = 0.200000
coef_h  = 1.000000
lambda  = 0.632800
theta_i = 0.698132
N       = 30
NS      = 100
delta_h = 0.002000
Nstep   = 100
N_x = 100
Calcul_duration = 5.340000 s 

#------------ Efficacités -------------
somm_eff          =  7.815656e-01
un_moins_somm_eff =  2.184344e-01
somm_eff_R        =  8.868539e-01
somm_eff_T        = -1.052883e-01
eff_R       =  3.551077e-04  8.864988e-01 
N_eff_R     = -1.000000e+00  0.000000e+00 
theta_eff_R = -3.852180e+01  4.000000e+01 
eff_T       = -9.146989e-06 -1.052792e-01 
N_eff_T     = -1.000000e+00  0.000000e+00 
theta_eff_T = -7.803416e-01  8.053709e-01 
Re_Ai =  0.000000e+00  0.000000e+00  0.000000e+00  0.000000e+00  0.000000e+00  0.000000e+00  0.000000e+00  0.000000e+00  0.000000e+00  0.000000e+00  0.000000e+00  0.000000e+00  0.000000e+00  0.000000e+00  0.000000e+00  0.000000e+00  0.000000e+00  0.000000e+00  0.000000e+00  0.000000e+00  0.000000e+00  0.000000e+00  0.000000e+00  0.000000e+00  0.000000e+00  0.000000e+00  0.000000e+00  0.000000e+00  0.000000e+00  0.000000e+00  1.000000e+00  0.000000e+00  0.000000e+00  0.000000e+00  0.000000e+00  0.000000e+00  0.000000e+00  0.000000e+00  0.000000e+00  0.000000e+00  0.000000e+00  0.000000e+00  0.000000e+00  0.000000e+00  0.000000e+00  0.000000e+00  0.000000e+00  0.000000e+00  0.000000e+00  0.000000e+00  0.000000e+00  0.000000e+00  0.000000e+00  0.000000e+00  0.000000e+00  0.000000e+00  0.000000e+00  0.000000e+00  0.000000e+00  0.000000e+00  0.000000e+00 
Im_Ai =  0.000000e+00  0.000000e+00  0.000000e+00  0.000000e+00  0.000000e+00  0.000000e+00  0.000000e+00  0.000000e+00  0.000000e+00  0.000000e+00  0.000000e+00  0.000000e+00  0.000000e+00  0.000000e+00  0.000000e+00  0.000000e+00  0.000000e+00  0.000000e+00  0.000000e+00  0.000000e+00  0.000000e+00  0.000000e+00  0.000000e+00  0.000000e+00  0.000000e+00  0.000000e+00  0.000000e+00  0.000000e+00  0.000000e+00  0.000000e+00  0.000000e+00  0.000000e+00  0.000000e+00  0.000000e+00  0.000000e+00  0.000000e+00  0.000000e+00  0.000000e+00  0.000000e+00  0.000000e+00  0.000000e+00  0.000000e+00  0.000000e+00  0.000000e+00  0.000000e+00  0.000000e+00  0.000000e+00  0.000000e+00  0.000000e+00  0.000000e+00  0.000000e+00  0.000000e+00  0.000000e+00  0.000000e+00  0.000000e+00  0.000000e+00  0.000000e+00  0.000000e+00  0.000000e+00  0.000000e+00  0.000000e+00 
Re_A0 = -1.811999e-06 -4.438950e-07  1.498299e-06  1.798505e-06  4.361646e-08 -1.828991e-06 -1.679957e-06  3.709706e-07  2.025198e-06  1.416970e-06 -7.353923e-07 -1.980926e-06 -1.014338e-06  8.669409e-07  1.495834e-06  5.451738e-07 -3.376615e-07 -1.828074e-07 -3.015249e-07 -1.912460e-06 -2.656779e-06  1.704543e-06  9.488688e-06  8.426808e-06 -1.364620e-05 -3.619418e-05 -3.142382e-05  2.469460e-05  1.473824e-03 -1.519635e-02  5.697750e-01  1.448702e-03  2.017090e-03  1.869384e-04 -4.044603e-04 -3.343945e-04 -8.288538e-06  1.834877e-04  1.297454e-04 -2.698678e-05 -1.064496e-04 -5.934867e-05  3.117357e-05  6.609373e-05  2.730637e-05 -2.781500e-05 -4.143657e-05 -1.100857e-05  2.246341e-05  2.540844e-05  2.693702e-06 -1.681300e-05 -1.479190e-05  1.071785e-06  1.146486e-05  7.786936e-06 -2.176451e-06 -6.748374e-06 -3.349331e-06  1.722890e-06  2.824057e-06 
Im_A0 = -8.166686e-07 -2.479419e-07  9.124429e-07  1.257073e-06  2.095943e-09 -1.712684e-06 -1.730414e-06  5.461351e-07  2.850737e-06  2.148162e-06 -1.604644e-06 -4.459123e-06 -2.379456e-06  3.522043e-06  6.778653e-06  2.226133e-06 -6.848718e-06 -1.008113e-05 -1.022750e-06  1.294558e-05  1.485853e-05 -3.390791e-06 -2.605457e-05 -2.220620e-05  2.109713e-05  6.056875e-05  4.634164e-05 -5.595713e-05 -1.151638e-03 -1.080593e-02 -7.495700e-01 -7.423723e-04 -7.275293e-04 -5.478197e-05  9.583168e-05  5.668111e-05  3.251126e-07 -8.215384e-06  2.590824e-06 -2.018616e-06 -1.541482e-05 -1.254115e-05  8.529216e-06  2.280721e-05  1.144361e-05 -1.365945e-05 -2.376371e-05 -7.305872e-06  1.691221e-05  2.180071e-05  2.651429e-06 -1.853285e-05 -1.854827e-05  1.505001e-06  1.877567e-05  1.478815e-05 -4.816336e-06 -1.794781e-05 -1.098325e-05  7.188627e-06  1.634207e-05 
Re_Ah = -1.181857e-05 -5.531057e-06  6.732430e-06  1.155045e-05  3.835782e-06 -7.629168e-06 -1.030007e-05 -1.932901e-06  7.514163e-06  7.902519e-06  3.054208e-07 -5.598288e-06 -4.115693e-06  2.151269e-07  5.761904e-07 -1.337471e-06  2.075757e-06  1.010746e-05  8.846849e-06 -1.112936e-05 -3.252191e-05 -1.931852e-05  3.808327e-05  8.622615e-05  3.947812e-05 -1.407312e-04 -2.595493e-04  5.777851e-05 -3.214649e-03  1.167750e-02 -1.764698e+00 -5.188902e-03 -6.119958e-03 -4.757897e-04  1.077267e-03  8.434918e-04 -5.120793e-07 -4.645105e-04 -3.105323e-04  7.729738e-05  2.594428e-04  1.361335e-04 -7.983261e-05 -1.558718e-04 -6.015165e-05  6.719626e-05  9.493123e-05  2.327050e-05 -5.179250e-05 -5.662833e-05 -5.411659e-06  3.698824e-05  3.195253e-05 -2.143663e-06 -2.382107e-05 -1.608635e-05  3.935843e-06  1.272174e-05  6.275294e-06 -2.504966e-06 -3.794629e-06 
Im_Ah = -9.627047e-06 -4.857018e-06  7.311893e-06  1.369148e-05  4.847305e-06 -1.207683e-05 -1.819348e-05 -3.489975e-06  1.877467e-05  2.308919e-05  1.969676e-07 -2.799601e-05 -2.825377e-05  6.014414e-06  4.076330e-05  3.349858e-05 -1.697255e-05 -5.919664e-05 -3.867823e-05  3.647839e-05  8.834891e-05  4.385751e-05 -7.465333e-05 -1.446020e-04 -5.326995e-05  1.828028e-04  2.969997e-04 -5.950898e-06  1.459385e-03  1.430017e-02  8.999196e-01  1.560645e-03  1.891186e-03  1.164840e-04 -1.783743e-04 -8.911137e-05 -2.222411e-06 -1.121703e-05 -2.607317e-05  1.240656e-05  5.603304e-05  3.804143e-05 -2.848558e-05 -6.616338e-05 -2.984445e-05  3.937692e-05  6.358450e-05  1.759103e-05 -4.525688e-05 -5.589242e-05 -5.873881e-06  4.723615e-05  4.636941e-05 -3.765917e-06 -4.621947e-05 -3.651813e-05  1.097433e-05  4.304009e-05  2.720209e-05 -1.572120e-05 -3.828780e-05 