lambda =
 2.100000000000e+02
 2.200000000000e+02
 2.300000000000e+02
 2.400000000000e+02
 2.500000000000e+02
 2.600000000000e+02
 2.700000000000e+02
 2.800000000000e+02
 2.900000000000e+02
 3.000000000000e+02
 3.100000000000e+02
 3.200000000000e+02
 3.300000000000e+02
 3.400000000000e+02
 3.500000000000e+02
 3.600000000000e+02
 3.700000000000e+02
 3.800000000000e+02
 3.900000000000e+02
 4.000000000000e+02
 4.100000000000e+02
 4.200000000000e+02
 4.300000000000e+02
 4.400000000000e+02
 4.500000000000e+02
 4.600000000000e+02
 4.700000000000e+02
 4.800000000000e+02
 4.900000000000e+02
 5.000000000000e+02
 5.100000000000e+02
 5.200000000000e+02
 5.300000000000e+02
 5.400000000000e+02
 5.500000000000e+02
 5.600000000000e+02
 5.700000000000e+02
 5.800000000000e+02
 5.900000000000e+02
 6.000000000000e+02
 6.100000000000e+02
 6.200000000000e+02
 6.300000000000e+02
 6.400000000000e+02
 6.500000000000e+02
 6.600000000000e+02
 6.700000000000e+02
 6.800000000000e+02
 6.900000000000e+02
 7.000000000000e+02
 7.100000000000e+02
 7.200000000000e+02
 7.300000000000e+02
 7.400000000000e+02
 7.500000000000e+02
 7.600000000000e+02
 7.700000000000e+02
tan_Psi =
 6.340436883017e-02
 8.581789391390e-02
 5.826739395595e-02
 1.538757139598e-02
 6.518969861385e-02
 9.165875370237e-02
 1.113785800215e-01
 1.301245496086e-01
 1.515259916497e-01
 2.006967860599e-01
 1.844436151413e-01
 1.734193374901e-01
 1.675535504158e-01
 1.680744827587e-01
 1.778824819478e-01
 1.984744232972e-01
 2.233691103673e-01
 2.761314132131e-01
 3.037045055135e-01
 3.324392704396e-01
 3.813659984159e-01
 4.233646334042e-01
 4.384307255073e-01
 4.488665586653e-01
 5.105162492925e-01
 6.012666652204e-01
 6.547298877831e-01
 6.251150052156e-01
 5.612556572134e-01
 5.359304121890e-01
 5.466647346613e-01
 5.759494010894e-01
 6.164690935137e-01
 6.663535297918e-01
 7.175372715178e-01
 7.375156634859e-01
 6.813082102263e-01
 5.521277290500e-01
 4.312898904552e-01
 7.094602643967e-01
 8.338282291364e-01
 8.306470496542e-01
 8.019316476072e-01
 7.780969244844e-01
 7.614757354049e-01
 7.499955666066e-01
 7.416998109399e-01
 7.351282186139e-01
 7.291219561767e-01
 7.226195895715e-01
 7.144938273356e-01
 7.033337721781e-01
 6.867250207034e-01
 6.565117822074e-01
 4.557237691406e-01
 6.842839439002e-01
 7.619052114237e-01
cos_Delta =
-7.833421784540e-02
-9.030241169215e-01
-9.837418308740e-01
-5.546492562332e-01
 7.403715621254e-01
 1.533712383267e-01
-1.631583821962e-02
-9.377557402096e-02
-1.199537928719e-01
-3.139135349954e-01
-4.556248393196e-01
-4.719139843882e-01
-4.316061942358e-01
-3.503584320700e-01
-2.469362396278e-01
-1.591768004906e-01
-1.073671053645e-01
-4.647210753529e-02
-1.356370395974e-01
-1.208474522395e-01
-1.541984468730e-01
-2.337271315397e-01
-3.083505499708e-01
-3.023124336622e-01
-2.815084497200e-01
-3.684271343340e-01
-5.281593760052e-01
-6.664365676648e-01
-7.038704857322e-01
-6.787111851082e-01
-6.512107014947e-01
-6.406655353208e-01
-6.484786653805e-01
-6.778127349193e-01
-7.368990073355e-01
-8.222961869733e-01
-8.970174060193e-01
-9.169374012614e-01
-7.659298840204e-01
-5.978931254494e-01
-7.640495062227e-01
-8.566398222331e-01
-8.981211836675e-01
-9.193399267055e-01
-9.326243787478e-01
-9.424291490461e-01
-9.504903719383e-01
-9.575505441737e-01
-9.639433172425e-01
-9.698105407291e-01
-9.752010074911e-01
-9.801688418776e-01
-9.850376976848e-01
-9.917530745719e-01
-7.240229565279e-01
-8.918452184049e-01
-9.136512098096e-01
