#    
#    

#------------ Parameters ------------
calcul_type   : STD
calcul_method : RK4
theta_i = 0.000000 deg
phi_i   = 0.000000 deg
psi     = 0.000000 deg
n_super = 1.000000 + i0.000000
n_sub   = 1.500000 + i0.000000
Lx       = 2.500000
Ly       = 2.500000
h       = 1.000000
coef_h  = 1.000000
lambda  = 1.000000
Nx       = 3
Ny       = 3
NS      = 50
delta_h = 0.000010
N_steps   = 50
Nprx = 256
Npry = 256
Calcul_duration = 25.510000 s 

#------------ Results -------------
sum_eff           =  9.994950e-01
one_minus_sum_eff =  5.050231e-04
somm_eff_r        =  5.441184e-02
somm_eff_t        =  9.450831e-01

eff_r =  inf  0.000000000000e+00  4.642065382052e-03  0.000000000000e+00  inf 
 0.000000000000e+00  1.368508642498e-03  0.000000000000e+00  1.264728795447e-03  0.000000000000e+00 
 2.547392767912e-03  0.000000000000e+00  3.494214839145e-02  0.000000000000e+00  2.499591690933e-03 
 0.000000000000e+00  1.089074258069e-03  0.000000000000e+00  1.458779546019e-03  0.000000000000e+00 
 inf  0.000000000000e+00  4.599547682455e-03  0.000000000000e+00  inf 
nx_eff_r =  inf -1.000000000000e+00  0.000000000000e+00  1.000000000000e+00  inf 
-2.000000000000e+00 -1.000000000000e+00  0.000000000000e+00  1.000000000000e+00  2.000000000000e+00 
-2.000000000000e+00 -1.000000000000e+00  0.000000000000e+00  1.000000000000e+00  2.000000000000e+00 
-2.000000000000e+00 -1.000000000000e+00  0.000000000000e+00  1.000000000000e+00  2.000000000000e+00 
 inf -1.000000000000e+00  0.000000000000e+00  1.000000000000e+00  inf 
ny_eff_r =  inf -2.000000000000e+00 -2.000000000000e+00 -2.000000000000e+00  inf 
-1.000000000000e+00 -1.000000000000e+00 -1.000000000000e+00 -1.000000000000e+00 -1.000000000000e+00 
 0.000000000000e+00  0.000000000000e+00  0.000000000000e+00  0.000000000000e+00  0.000000000000e+00 
 1.000000000000e+00  1.000000000000e+00  1.000000000000e+00  1.000000000000e+00  1.000000000000e+00 
 inf  2.000000000000e+00  2.000000000000e+00  2.000000000000e+00  inf 
eff_t =  inf  0.000000000000e+00  2.135553311080e-02  0.000000000000e+00  2.563069392985e-02  0.000000000000e+00  inf 
 0.000000000000e+00  3.127792880808e-03  0.000000000000e+00  1.407673739734e-02  0.000000000000e+00  1.211286212733e-02  0.000000000000e+00 
 2.259338111935e-03  0.000000000000e+00  1.494027859432e-01  0.000000000000e+00  1.247126917245e-01  0.000000000000e+00  1.182608991749e-02 
 0.000000000000e+00  5.738103009234e-02  0.000000000000e+00  9.344883543229e-02  0.000000000000e+00  5.767083214762e-02  0.000000000000e+00 
 1.411628998307e-02  0.000000000000e+00  1.294648500966e-01  0.000000000000e+00  1.500497218145e-01  0.000000000000e+00  2.782820219221e-03 
 0.000000000000e+00  1.141831209927e-02  0.000000000000e+00  1.546770229421e-02  0.000000000000e+00  3.062617058638e-03  0.000000000000e+00 
 inf  0.000000000000e+00  2.513191060953e-02  0.000000000000e+00  2.058369274420e-02  0.000000000000e+00  inf 
nx_eff_t =  inf -2.000000000000e+00 -1.000000000000e+00  0.000000000000e+00  1.000000000000e+00  2.000000000000e+00  inf 
-3.000000000000e+00 -2.000000000000e+00 -1.000000000000e+00  0.000000000000e+00  1.000000000000e+00  2.000000000000e+00  3.000000000000e+00 
-3.000000000000e+00 -2.000000000000e+00 -1.000000000000e+00  0.000000000000e+00  1.000000000000e+00  2.000000000000e+00  3.000000000000e+00 
-3.000000000000e+00 -2.000000000000e+00 -1.000000000000e+00  0.000000000000e+00  1.000000000000e+00  2.000000000000e+00  3.000000000000e+00 
-3.000000000000e+00 -2.000000000000e+00 -1.000000000000e+00  0.000000000000e+00  1.000000000000e+00  2.000000000000e+00  3.000000000000e+00 
-3.000000000000e+00 -2.000000000000e+00 -1.000000000000e+00  0.000000000000e+00  1.000000000000e+00  2.000000000000e+00  3.000000000000e+00 
 inf -2.000000000000e+00 -1.000000000000e+00  0.000000000000e+00  1.000000000000e+00  2.000000000000e+00  inf 
ny_eff_t =  inf -3.000000000000e+00 -3.000000000000e+00 -3.000000000000e+00 -3.000000000000e+00 -3.000000000000e+00  inf 
-2.000000000000e+00 -2.000000000000e+00 -2.000000000000e+00 -2.000000000000e+00 -2.000000000000e+00 -2.000000000000e+00 -2.000000000000e+00 
-1.000000000000e+00 -1.000000000000e+00 -1.000000000000e+00 -1.000000000000e+00 -1.000000000000e+00 -1.000000000000e+00 -1.000000000000e+00 
 0.000000000000e+00  0.000000000000e+00  0.000000000000e+00  0.000000000000e+00  0.000000000000e+00  0.000000000000e+00  0.000000000000e+00 
 1.000000000000e+00  1.000000000000e+00  1.000000000000e+00  1.000000000000e+00  1.000000000000e+00  1.000000000000e+00  1.000000000000e+00 
 2.000000000000e+00  2.000000000000e+00  2.000000000000e+00  2.000000000000e+00  2.000000000000e+00  2.000000000000e+00  2.000000000000e+00 
 inf  3.000000000000e+00  3.000000000000e+00  3.000000000000e+00  3.000000000000e+00  3.000000000000e+00  inf 