#    
#    

#------------ Parameters ------------
calcul_type   : ELLIPSO
calcul_method : RCWA
theta_i = 66.050003 deg
phi_i   = 0.000000 deg
psi     = 90.000000 deg
n_super = 1.000000 + i0.000000
n_sub   = 1.500000 + i0.000000
L       = 310.000000
h       = 180.671600
coef_h  = 1.000000
lambda  = 230.000000
N       = 8
NS      = 9
delta_h = 0.099819
Nstep   = 1810
N_x = 131072
Calcul_duration = 1.600000 s 

#------------ Results -------------
sum_eff           =  4.642426e-01
one_minus_sum_eff =  5.357574e-01
somm_eff_r        =  1.530690e-01
somm_eff_t        =  3.111736e-01

theta_r = -3.474819596809e+01  9.902064280832e+00  6.605000305176e+01 
phi_r =  0.000000000000e+00 -0.000000000000e+00 -0.000000000000e+00 
N_eff_r = -2.000000000000e+00 -1.000000000000e+00  0.000000000000e+00 
eff_r =  5.444548052021e-02  9.709340946017e-02  1.530088406747e-03 
theta_t = -6.099817334115e+01 -2.233248063962e+01  6.583037815059e+00  3.753650072234e+01 
phi _t =  0.000000000000e+00  0.000000000000e+00  0.000000000000e+00 -0.000000000000e+00 
N_eff_t = -3.000000000000e+00 -2.000000000000e+00 -1.000000000000e+00  0.000000000000e+00 
eff_t =  9.224758795957e-02  7.283455151837e-02  4.679171427223e-02  9.929974598476e-02 
Re_Exi =  0.000000000000e+00  0.000000000000e+00  0.000000000000e+00  0.000000000000e+00  0.000000000000e+00  0.000000000000e+00  0.000000000000e+00  0.000000000000e+00  4.059392208208e-01  0.000000000000e+00  0.000000000000e+00  0.000000000000e+00  0.000000000000e+00  0.000000000000e+00  0.000000000000e+00  0.000000000000e+00  0.000000000000e+00 
Im_Exi =  0.000000000000e+00  0.000000000000e+00  0.000000000000e+00  0.000000000000e+00  0.000000000000e+00  0.000000000000e+00  0.000000000000e+00  0.000000000000e+00  0.000000000000e+00  0.000000000000e+00  0.000000000000e+00  0.000000000000e+00  0.000000000000e+00  0.000000000000e+00  0.000000000000e+00  0.000000000000e+00  0.000000000000e+00 
Re_Eyi =  0.000000000000e+00  0.000000000000e+00  0.000000000000e+00  0.000000000000e+00  0.000000000000e+00  0.000000000000e+00 -0.000000000000e+00  0.000000000000e+00 -2.567899949549e-17  0.000000000000e+00  0.000000000000e+00  0.000000000000e+00  0.000000000000e+00  0.000000000000e+00  0.000000000000e+00  0.000000000000e+00  0.000000000000e+00 
Im_Eyi =  0.000000000000e+00  0.000000000000e+00  0.000000000000e+00  0.000000000000e+00  0.000000000000e+00  0.000000000000e+00  0.000000000000e+00  0.000000000000e+00 -5.558543684695e-17  0.000000000000e+00  0.000000000000e+00  0.000000000000e+00  0.000000000000e+00  0.000000000000e+00  0.000000000000e+00  0.000000000000e+00  0.000000000000e+00 
Re_Hpxi =  0.000000000000e+00  0.000000000000e+00  0.000000000000e+00  0.000000000000e+00  0.000000000000e+00  0.000000000000e+00  0.000000000000e+00  0.000000000000e+00  6.790152979576e-19  0.000000000000e+00  0.000000000000e+00  0.000000000000e+00  0.000000000000e+00  0.000000000000e+00  0.000000000000e+00  0.000000000000e+00  0.000000000000e+00 
Im_Hpxi =  0.000000000000e+00  0.000000000000e+00  0.000000000000e+00  0.000000000000e+00  0.000000000000e+00  0.000000000000e+00  0.000000000000e+00  0.000000000000e+00  0.000000000000e+00  0.000000000000e+00  0.000000000000e+00  0.000000000000e+00  0.000000000000e+00  0.000000000000e+00  0.000000000000e+00  0.000000000000e+00  0.000000000000e+00 
Re_Hpyi =  0.000000000000e+00  0.000000000000e+00  0.000000000000e+00  0.000000000000e+00  0.000000000000e+00  0.000000000000e+00 -0.000000000000e+00  0.000000000000e+00  1.145680756067e-02  0.000000000000e+00  0.000000000000e+00  0.000000000000e+00  0.000000000000e+00  0.000000000000e+00  0.000000000000e+00  0.000000000000e+00  0.000000000000e+00 
Im_Hpyi =  0.000000000000e+00  0.000000000000e+00  0.000000000000e+00  0.000000000000e+00  0.000000000000e+00  0.000000000000e+00  0.000000000000e+00  0.000000000000e+00  2.479970659461e-02  0.000000000000e+00  0.000000000000e+00  0.000000000000e+00  0.000000000000e+00  0.000000000000e+00  0.000000000000e+00  0.000000000000e+00  0.000000000000e+00 
Re_Exr = -6.616324883780e+08  4.430960409533e+07  1.355179806171e+06  8.824093790083e+02  8.437115731567e+02  5.107003734969e+00  3.014524429831e-02 -6.562867867248e-02 -1.484030386073e-02 -7.915380185985e+01 -2.366786491587e+03 -1.058063970179e+05 -4.055950364740e+06 -2.001246664226e+08 -7.876547869272e+09 -1.828251721517e+11 -2.057802562998e+13 
Im_Exr =  8.570434251134e+08 -3.665958730616e+07  7.360301790826e+05 -3.292600749553e+03 -3.153822246577e+02  8.444523977845e+00  1.313443438343e-01  1.857949245493e-01  5.648320600297e-03 -9.708858584052e+01 -5.239835773748e+03 -1.843643526661e+05 -7.271700814244e+06 -2.563947034787e+08 -1.324257926222e+10 -4.007739515039e+11 -1.417929881487e+13 
Re_Eyr = -1.272126119183e-16  5.730774157342e-17 -2.553771678314e-17  8.575595368903e-17  3.225579055428e-17  7.838115547383e-17 -2.070886505232e-16 -5.042983685305e-17 -3.009606046498e-17  5.945483814130e-17  8.460105961416e-17 -2.255136626529e-17  1.621697069532e-17 -3.768801662828e-17  4.105855443156e-17 -5.826816902920e-18  1.651423273739e-16 
Im_Eyr =  1.532927539177e-17  1.499816868074e-17  1.351206395356e-16 -7.807088426393e-17  6.873602239784e-17 -6.056905226051e-17 -1.280416623285e-16 -6.787618382237e-18  1.174848768345e-16 -3.242275413148e-17  6.167988153754e-17  8.520938364065e-17 -1.668098176847e-16 -2.927447195574e-17 -2.740873486530e-17  2.965991341471e-17 -3.316484552454e-17 
Re_Hpxr =  7.282348721831e-08  1.416591342200e-09  2.353373424572e-10 -2.198070641331e-12  2.359442562613e-14 -9.287918162661e-17 -5.114678757681e-18  2.179505243359e-20 -1.322710428051e-18 -7.883947299614e-16  1.722855376558e-13  1.660057042656e-11 -1.871887763401e-09 -1.712531697404e-08 -7.867026041370e-07  4.011470573135e-05 -2.053678404252e-03 
Im_Hpxr =  6.043381556712e-07 -5.412770871032e-09  4.447861126787e-11 -2.414442284091e-12 -1.107216892534e-14 -1.201930243856e-16  1.925602837199e-18  1.369193685480e-18  2.434125864276e-19 -1.445709419725e-15 -2.363094525888e-13  4.393477900051e-12 -1.819817887541e-10  2.204716900985e-08 -1.178488239321e-06  7.880705588816e-06 -1.022616647211e-02 
Re_Hpyr =  1.346347124007e-04 -2.896578393333e-04  3.153773747935e-04 -8.727514724047e-05 -6.856717620586e-04  4.109714341797e-03  2.845812644454e-03  4.823258003991e-03  7.376920065532e-05 -2.979740408008e-03 -1.399962648395e-03 -7.062288094622e-04 -4.835950747964e-04 -3.270872124443e-04 -3.443142901978e-04 -2.211412802126e-04 -1.708851650265e-04 
Im_Hpyr =  1.039372068877e-04 -3.501028005793e-04 -5.806732682838e-04 -2.338953743170e-05 -1.834311371427e-03 -2.485436307396e-03 -3.460530346587e-03  2.568080200178e-03 -1.066038661661e-03  2.429304946687e-03  6.323504834918e-04  4.053035455004e-04  2.697357427254e-04  2.553025409394e-04  2.047945445609e-04  1.008802904305e-04  2.480009309071e-04 
Re_Ext = -5.397700235871e-03  2.885282277708e-02  2.057795626136e-02  1.676206689702e-02  7.370033794280e-02  6.940978673883e-02 -1.248800576062e-01  1.662803131840e-02 -1.358636779989e-01  1.913989976478e-02  1.488851944491e-02 -4.077494593962e-02 -2.241792904211e-03 -2.488483956835e-03 -2.632573345636e-02 -2.298945114841e-03 -9.193263032743e-03 
Im_Ext = -1.822283447840e-02 -2.504322356664e-02 -3.207796193219e-03 -3.868373731983e-02 -3.211215764347e-02 -8.535842298187e-02 -5.135636266778e-02 -1.109192462307e-01  5.339011693621e-02 -3.479934550766e-02  3.177875355555e-02 -4.827330377377e-04 -2.672576167675e-02  7.610234106818e-03 -1.033365243183e-02 -2.002225851718e-02  5.152053919954e-04 
Re_Eyt =  4.296055354911e-17  2.648751124179e-17 -2.104582971401e-17 -4.069559285221e-17 -4.210770855896e-17  9.658514059064e-17  1.827246728118e-17 -5.626153685686e-17  4.121668564865e-17 -3.176924826283e-17 -5.635536741927e-17  1.619433677474e-17  4.346771009079e-17 -5.645160401824e-18  2.172183003440e-17 -1.928914595749e-17  7.004341044776e-17 
Im_Eyt = -3.844198473066e-17  2.979491289558e-17 -7.688890051514e-17  2.085375144872e-17 -4.456932268272e-17  4.729502202252e-18 -1.298351503973e-16  5.369384809966e-17 -4.584427168290e-17  3.928461335000e-17 -5.403622697055e-18  2.098407646077e-17 -5.249453379971e-17 -6.649709725793e-18 -3.228485812414e-17 -4.088936784313e-17  6.732789234755e-18 
Re_Hpxt =  5.032727165120e-18 -3.262419350407e-18  6.729826628433e-18 -1.344071269692e-18  1.708165728009e-18  1.918888828307e-18  6.925954197324e-19 -2.290245237816e-18  1.339277507235e-18 -7.526013292104e-19  2.761391660368e-19 -1.581139581843e-18  5.134069686944e-18  7.944809202283e-19  4.543504669852e-18  6.613207980743e-18 -1.229210193466e-18 
Im_Hpxt =  5.624286737276e-18  2.900272590901e-18 -1.842070627592e-18 -2.622922656878e-18 -1.613821801992e-18  9.396257937668e-20 -4.921241838973e-18  2.185722018634e-18 -1.489644325696e-18 -6.086245079620e-19 -2.879905765688e-18  1.220235111329e-18  4.251228396264e-18 -6.744613548290e-19  3.056951212842e-18 -3.119714016542e-18  1.278787603555e-17 
Re_Hpyt =  2.337248706313e-04  3.840423770419e-04  6.153938119635e-05  1.007805916071e-03  1.406896340702e-03 -5.866347626627e-03  5.532192084541e-03 -6.858940242447e-04  7.020894401566e-03  3.050107602814e-03 -1.044192212944e-03  1.075754705706e-05  4.588481637077e-04 -1.069556707102e-04  1.232958152030e-04  2.078728940421e-04 -4.738445050661e-06 
Im_Hpyt = -6.923054647898e-05  4.424632721181e-04  3.947740499495e-04  4.366928160205e-04  3.228955740422e-03  7.214287863418e-03  2.275089141434e-03  4.575337074278e-03 -2.758988852778e-03  1.677581946959e-03  4.892097495098e-04 -9.086562663083e-04 -3.848880230062e-05 -3.497362458486e-05 -3.141050842122e-04 -2.386785555964e-05 -8.455224342318e-05 
eff_r_TE   =  7.819055156724e-02  9.864599660145e-02  4.494823649111e-01 
eff_r_TM   =  5.444548052021e-02  9.709340946017e-02  1.530088406747e-03 
delta_r    =  nan  nan -1.028585145839e+01 
eff_t_TE   =  5.263483454864e-03  4.704771229853e-02  2.660306589025e-02  1.032949950980e-04 
eff_t_TM   =  9.224758795957e-02  7.283455151837e-02  4.679171427223e-02  9.929974598476e-02 
delta_t    =  nan  nan  nan  1.178553457395e+02 
spec_tan_Psi =  5.834477020595e-02
spec_cos_delta = -9.839291611101e-01