  FILMTYPE: 17
  FILMNAME: Poly03
  ABBREV: 
  T_N_K: 1855.3209 3.8193371 0.026538534
  ANISOTROPY: 1
  SCATTER: 0.0016515348 0.1 0.1
  DESCRIPTION: 1 2
  CAUCHY_N= 3.3877151 21846600 -2.28332e+014 6.4342601e+021 0
  N_POWERS= 0 -2 -4 -6 -8 0
  CAUCHY_K= -0.012394 1.80778 -7.1402503e+014 1.6442201e+023 0
  K_POWERS= 0 -2 -4 -6 -8 0
  EFFECTIVE_MED: No
  LOOKUP: Yes
    NPOINTS= 253
    TABLE=
      190 1.039243 2.8969803
      192.5 1.0793321 2.9388778
      195 1.1205924 2.9799838
      197.5 1.1629407 3.0202103
      200 1.2062767 3.0594785
      202.5 1.250478 3.0977242
      205 1.2954047 3.1349027
      207.5 1.3408997 3.1709924
      210 1.3867905 3.2060008
      212.5 1.4328935 3.2399697
      215 1.4790189 3.2729805
      217.5 1.5249765 3.3051572
      220 1.5705845 3.3366725
      222.5 1.6156757 3.3677485
      225 1.6601107 3.3986595
      227.5 1.7037857 3.429734
      230 1.7466447 3.4613488
      232.5 1.7886932 3.4939311
      235 1.8300097 3.527952
      237.5 1.8707621 3.5639181
      240 1.9112184 3.6023657
      242.5 1.9517643 3.6438456
      245 1.9929206 3.6889107
      247.5 2.0353558 3.738095
      250 2.0799096 3.7918906
      252.5 2.1276057 3.8507154
      255 2.179672 3.914871
      257.5 2.2375524 3.9844892
      260 2.3029187 4.0594649
      262.5 2.3776615 4.1393647
      265 2.4638674 4.2233205
      267.5 2.5637491 4.3098927
      270 2.6795266 4.3969235
      272.5 2.8132188 4.4813876
      275 2.9663403 4.5592976
      277.5 3.1394455 4.62569
      280 3.3316329 4.6748414
      282.5 3.5400102 4.7007585
      285 3.7593811 4.6980157
      287.5 3.9823382 4.6628461
      290 4.2000198 4.5941982
      292.5 4.4033985 4.49435
      295 4.5848255 4.3687434
      297.5 4.7392778 4.2250185
      300 4.8648787 4.0715947
      302.5 4.9626541 3.9162998
      305 5.0357437 3.7654495
      307.5 5.0884523 3.6234941
      310 5.1254501 3.4930663
      312.5 5.1512032 3.3753135
      315 5.1696758 3.2702725
      317.5 5.1842108 3.1772227
      320 5.197526 3.0949628
      322.5 5.211772 3.022002
      325 5.2286034 2.9566894
      327.5 5.2492485 2.8972862
      330 5.2745647 2.8420095
      332.5 5.305068 2.7890565
      335 5.3409519 2.7366202
      337.5 5.3820848 2.6829093
      340 5.4279947 2.6261775
      342.5 5.4778557 2.5647774
      345 5.5304718 2.4972193
      347.5 5.58428 2.4222755
      350 5.6373854 2.3390765
      352.5 5.6876383 2.2472274
      355 5.7327557 2.1469011
      357.5 5.7704906 2.0389037
      360 5.7988338 1.9246547
      362.5 5.816205 1.8061205
      365 5.82162 1.6856405
      367.5 5.8147755 1.5657294
      370 5.7960606 1.4488417
      372.5 5.7664738 1.3371642
      375 5.727479 1.232464
      377.5 5.6808367 1.1359994
      380 5.6284189 1.0485134
      382.5 5.5720682 0.9702633
      385 5.5134802 0.90110469
      387.5 5.454134 0.84057915
      390 5.3952532 0.78800964
      392.5 5.3377972 0.74258417
      395 5.2824841 0.70343018
      397.5 5.2297974 0.66966325
      400 5.1800346 0.64043409
      402.5 5.1333303 0.61495447
      405 5.0896921 0.59251469
      407.5 5.0490303 0.57249308
      410 5.0111856 0.55435866
      412.5 4.9759531 0.53766942
      415 4.9431009 0.52206594
      417.5 4.912384 0.50726455
      420 4.8835611 0.49304724
      422.5 4.8563995 0.47925395
      425 4.8306818 0.46577087
      427.5 4.8062124 0.45252341
      430 4.7828178 0.43946657
      432.5 4.7603455 0.42657852
      435 4.7386646 0.41385397
      437.5 4.7176666 0.40130016
      440 4.6972618 0.38893071
      442.5 4.6773739 0.37676445
      445 4.6579466 0.36482134
      447.5 4.6389303 0.35312191
      450 4.6202898 0.341685
      452.5 4.6019974 0.3305271
      455 4.5840292 0.31966224
      457.5 4.5663729 0.30910245
      460 4.549017 0.29885563
      462.5 4.5319519 0.28892797
      465 4.515173 0.27932167
      467.5 4.4986763 0.2700386
      470 4.4824591 0.26107639
      472.5 4.4665203 0.25243247
      475 4.4508581 0.2441019
      477.5 4.4354725 0.23607872
      480 4.4203615 0.22835605
      482.5 4.4055243 0.22092582
      485 4.3909597 0.21377914
      487.5 4.3766661 0.20690773
      490 4.3626423 0.200302
      492.5 4.3488846 0.19395253
      495 4.335393 0.18784954
      497.5 4.3221617 0.18198359
      500 4.3091898 0.17634524
      502.5 4.2964735 0.17092502
      505 4.284008 0.16571377
      507.5 4.2717915 0.16070245
      510 4.259819 0.15588257
      512.5 4.248086 0.15124564
      515 4.2365894 0.1467835
      517.5 4.2253237 0.1424882
      520 4.2142859 0.13835229
      522.5 4.2034702 0.13436861
      525 4.192872 0.13053019
      527.5 4.1824884 0.12683018
      530 4.1723137 0.12326264
      532.5 4.1623421 0.1198213
      535 4.1525717 0.11650029
      537.5 4.1429958 0.11329439
      540 4.1336117 0.11019833
      542.5 4.1244144 0.10720681
      545 4.1153994 0.10431549
      547.5 4.1065617 0.10151954
      550 4.0978985 0.09881486
      552.5 4.0894051 0.096197493
      555 4.0810766 0.093663365
      557.5 4.0729103 0.091208801
      560 4.0649014 0.088830471
      562.5 4.0570469 0.086524934
      565 4.0493431 0.084288903
      567.5 4.0417852 0.082119562
      570 4.0343704 0.080014154
      572.5 4.0270967 0.077969693
      575 4.0199575 0.075983845
      577.5 4.0129519 0.0740541
      580 4.0060768 0.072178043
      582.5 3.9993274 0.070353493
      585 3.9927022 0.068578377
      587.5 3.9861968 0.066850662
      590 3.9798095 0.065168425
      592.5 3.9735372 0.063530073
      595 3.9673774 0.06193351
      597.5 3.9613264 0.060377397
      600 3.9553831 0.058859982
      602.5 3.9495437 0.057379864
      605 3.9438064 0.055935502
      607.5 3.9381688 0.054525703
      610 3.9326284 0.053149059
      612.5 3.9271829 0.051804379
      615 3.9218299 0.050490461
      617.5 3.9165676 0.049206264
      620 3.9113939 0.047950499
      622.5 3.9063075 0.046722427
      625 3.901305 0.045520872
      627.5 3.896385 0.044344887
      630 3.891546 0.043193787
      632.5 3.8867862 0.0420665
      635 3.8821037 0.040962204
      637.5 3.8774965 0.03988032
      640 3.8729632 0.038819849
      642.5 3.8685024 0.037780359
      645 3.8641117 0.036760792
      647.5 3.8597906 0.035760783
      650 3.8555372 0.034779586
      652.5 3.8513496 0.033816636
      655 3.8472273 0.032871298
      657.5 3.843168 0.031943075
      660 3.8391707 0.031031409
      662.5 3.8352344 0.030135775
      665 3.8313577 0.02925566
      667.5 3.8275392 0.028390659
      670 3.8237774 0.02754022
      672.5 3.8200719 0.026704164
      675 3.8164208 0.025881717
      677.5 3.8128235 0.025072703
      680 3.8092787 0.024276564
      682.5 3.8057849 0.023493135
      685 3.8023422 0.022721956
      687.5 3.798949 0.02196257
      690 3.7956035 0.021214822
      692.5 3.7923062 0.020478385
      695 3.7890556 0.019752854
      697.5 3.7858498 0.01903786
      700 3.7826893 0.01833337
      702.5 3.7795727 0.017638879
      705 3.7764995 0.0169542
      707.5 3.7734678 0.01627914
      710 3.770478 0.015613278
      712.5 3.7675288 0.014956566
      715 3.7646196 0.014308678
      717.5 3.761749 0.013669422
      720 3.7589171 0.013038481
      722.5 3.7561233 0.012415851
      725 3.7533662 0.011801207
      727.5 3.7506454 0.011194298
      730 3.7479608 0.010595052
      732.5 3.7453105 0.010003177
      735 3.7426946 0.0094185714
      737.5 3.740113 0.0088410024
      740 3.7375638 0.0082704257
      742.5 3.7350481 0.007706603
      745 3.7325637 0.0071493816
      747.5 3.7301114 0.0065986756
      750 3.7276895 0.0060541164
      752.5 3.7252982 0.0055158157
      755 3.7229364 0.0049835648
      757.5 3.7206047 0.0044572279
      760 3.7183006 0.0039366875
      762.5 3.7160256 0.0034216847
      765 3.7137783 0.0029123183
      767.5 3.7115586 0.0024083517
      770 3.7093656 0.0019097198
      772.5 3.7071989 0.0014161915
      775 3.7050583 0.0009278059
      777.5 3.7029436 0.00044440664
      780 3.7008536 3.4177676e-005
      782.5 3.6987884 0.00050795823
      785 3.6967475 0.00097696111
      787.5 3.694731 0.0014413949
      790 3.6927378 0.0019012894
      792.5 3.690768 0.0023568328
      795 3.6888206 0.0028080624
      797.5 3.6868961 0.0032549668
      800 3.6849935 0.0036977269
      802.5 3.6831124 0.0041363966
      805 3.6812527 0.0045710336
      807.5 3.6794145 0.0050016101
      810 3.6775968 0.0054284167
      812.5 3.6757991 0.0058515035
      815 3.6740224 0.0062707271
      817.5 3.6722643 0.0066862833
      820 3.6705263 0.0070982873
  CRITICAL_PNT: No
  ALLOY: No
  GRADED_MED: No
