i1 = 1559
i2 = 1682
N_x = 2048
type_profil = H_X
profil = 
0.000000e+00	
0.000000e+00	
0.000000e+00	
0.000000e+00	
0.000000e+00	
0.000000e+00	
0.000000e+00	
0.000000e+00	
0.000000e+00	
0.000000e+00	
0.000000e+00	
0.000000e+00	
0.000000e+00	
0.000000e+00	
0.000000e+00	
0.000000e+00	
0.000000e+00	
0.000000e+00	
0.000000e+00	
0.000000e+00	
0.000000e+00	
0.000000e+00	
0.000000e+00	
0.000000e+00	
0.000000e+00	
0.000000e+00	
0.000000e+00	
0.000000e+00	
0.000000e+00	
0.000000e+00	
0.000000e+00	
0.000000e+00	
0.000000e+00	
0.000000e+00	
0.000000e+00	
0.000000e+00	
0.000000e+00	
0.000000e+00	
0.000000e+00	
0.000000e+00	
0.000000e+00	
0.000000e+00	
0.000000e+00	
0.000000e+00	
0.000000e+00	
0.000000e+00	
0.000000e+00	
0.000000e+00	
0.000000e+00	
0.000000e+00	
0.000000e+00	
0.000000e+00	
0.000000e+00	
0.000000e+00	
0.000000e+00	
0.000000e+00	
0.000000e+00	
0.000000e+00	
0.000000e+00	
0.000000e+00	
0.000000e+00	
0.000000e+00	
0.000000e+00	
0.000000e+00	
0.000000e+00	
0.000000e+00	
0.000000e+00	
0.000000e+00	
0.000000e+00	
0.000000e+00	
0.000000e+00	
0.000000e+00	
0.000000e+00	
0.000000e+00	
0.000000e+00	
0.000000e+00	
0.000000e+00	
0.000000e+00	
0.000000e+00	
0.000000e+00	
0.000000e+00	
0.000000e+00	
0.000000e+00	
0.000000e+00	
0.000000e+00	
0.000000e+00	
0.000000e+00	
0.000000e+00	
0.000000e+00	
0.000000e+00	
0.000000e+00	
0.000000e+00	
0.000000e+00	
0.000000e+00	
0.000000e+00	
0.000000e+00	
0.000000e+00	
0.000000e+00	
0.000000e+00	
0.000000e+00	
0.000000e+00	
0.000000e+00	
0.000000e+00	
0.000000e+00	
0.000000e+00	
0.000000e+00	
0.000000e+00	
0.000000e+00	
0.000000e+00	
0.000000e+00	
0.000000e+00	
0.000000e+00	
0.000000e+00	
0.000000e+00	
0.000000e+00	
0.000000e+00	
0.000000e+00	
0.000000e+00	
0.000000e+00	
0.000000e+00	
0.000000e+00	
0.000000e+00	
0.000000e+00	
0.000000e+00	
0.000000e+00	
0.000000e+00	
0.000000e+00	
0.000000e+00	
0.000000e+00	
0.000000e+00	
0.000000e+00	
0.000000e+00	
0.000000e+00	
0.000000e+00	
0.000000e+00	
0.000000e+00	
0.000000e+00	
0.000000e+00	
0.000000e+00	
0.000000e+00	
0.000000e+00	
0.000000e+00	
0.000000e+00	
0.000000e+00	
0.000000e+00	
0.000000e+00	
0.000000e+00	
0.000000e+00	
0.000000e+00	
0.000000e+00	
0.000000e+00	
0.000000e+00	
0.000000e+00	
0.000000e+00	
0.000000e+00	
0.000000e+00	
0.000000e+00	
0.000000e+00	
0.000000e+00	
0.000000e+00	
0.000000e+00	
0.000000e+00	
0.000000e+00	
0.000000e+00	
0.000000e+00	
0.000000e+00	
0.000000e+00	
0.000000e+00	
0.000000e+00	
0.000000e+00	
0.000000e+00	
0.000000e+00	
0.000000e+00	
0.000000e+00	
0.000000e+00	
0.000000e+00	
0.000000e+00	
0.000000e+00	
0.000000e+00	
0.000000e+00	
0.000000e+00	
0.000000e+00	
0.000000e+00	
0.000000e+00	
0.000000e+00	
0.000000e+00	
0.000000e+00	
0.000000e+00	
0.000000e+00	
0.000000e+00	
0.000000e+00	
0.000000e+00	
0.000000e+00	
0.000000e+00	
0.000000e+00	
0.000000e+00	
0.000000e+00	
0.000000e+00	
0.000000e+00	
0.000000e+00	
0.000000e+00	
0.000000e+00	
0.000000e+00	
0.000000e+00	
0.000000e+00	
0.000000e+00	
0.000000e+00	
0.000000e+00	
0.000000e+00	
0.000000e+00	
0.000000e+00	
0.000000e+00	
0.000000e+00	
0.000000e+00	
0.000000e+00	
0.000000e+00	
0.000000e+00	
0.000000e+00	
0.000000e+00	
0.000000e+00	
0.000000e+00	
0.000000e+00	
0.000000e+00	
0.000000e+00	
0.000000e+00	
0.000000e+00	
0.000000e+00	
0.000000e+00	
0.000000e+00	
0.000000e+00	
0.000000e+00	
0.000000e+00	
0.000000e+00	
0.000000e+00	
0.000000e+00	
0.000000e+00	
0.000000e+00	
0.000000e+00	
0.000000e+00	
0.000000e+00	
0.000000e+00	
0.000000e+00	
0.000000e+00	
0.000000e+00	
0.000000e+00	
0.000000e+00	
0.000000e+00	
0.000000e+00	
0.000000e+00	
0.000000e+00	
0.000000e+00	
0.000000e+00	
0.000000e+00	
0.000000e+00	
0.000000e+00	
0.000000e+00	
0.000000e+00	
0.000000e+00	
0.000000e+00	
0.000000e+00	
0.000000e+00	
0.000000e+00	
0.000000e+00	
0.000000e+00	
0.000000e+00	
0.000000e+00	
0.000000e+00	
0.000000e+00	
0.000000e+00	
0.000000e+00	
0.000000e+00	
0.000000e+00	
0.000000e+00	
0.000000e+00	
0.000000e+00	
0.000000e+00	
0.000000e+00	
0.000000e+00	
0.000000e+00	
0.000000e+00	
0.000000e+00	
0.000000e+00	
0.000000e+00	
0.000000e+00	
0.000000e+00	
0.000000e+00	
0.000000e+00	
0.000000e+00	
0.000000e+00	
0.000000e+00	
0.000000e+00	
0.000000e+00	
0.000000e+00	
0.000000e+00	
0.000000e+00	
0.000000e+00	
0.000000e+00	
0.000000e+00	
0.000000e+00	
0.000000e+00	
0.000000e+00	
0.000000e+00	
0.000000e+00	
0.000000e+00	
0.000000e+00	
0.000000e+00	
0.000000e+00	
0.000000e+00	
0.000000e+00	
0.000000e+00	
0.000000e+00	
0.000000e+00	
0.000000e+00	
0.000000e+00	
0.000000e+00	
0.000000e+00	
0.000000e+00	
0.000000e+00	
0.000000e+00	
0.000000e+00	
0.000000e+00	
0.000000e+00	
0.000000e+00	
0.000000e+00	
0.000000e+00	
0.000000e+00	
0.000000e+00	
0.000000e+00	
0.000000e+00	
0.000000e+00	
0.000000e+00	
0.000000e+00	
0.000000e+00	
0.000000e+00	
0.000000e+00	
0.000000e+00	
0.000000e+00	
0.000000e+00	
0.000000e+00	
0.000000e+00	
0.000000e+00	
0.000000e+00	
0.000000e+00	
0.000000e+00	
0.000000e+00	
0.000000e+00	
0.000000e+00	
0.000000e+00	
0.000000e+00	
0.000000e+00	
0.000000e+00	
0.000000e+00	
0.000000e+00	
0.000000e+00	
0.000000e+00	
0.000000e+00	
0.000000e+00	
0.000000e+00	
0.000000e+00	
0.000000e+00	
0.000000e+00	
0.000000e+00	
0.000000e+00	
0.000000e+00	
0.000000e+00	
0.000000e+00	
0.000000e+00	
0.000000e+00	
0.000000e+00	
0.000000e+00	
0.000000e+00	
0.000000e+00	
0.000000e+00	
0.000000e+00	
0.000000e+00	
0.000000e+00	
0.000000e+00	
0.000000e+00	
0.000000e+00	
0.000000e+00	
0.000000e+00	
0.000000e+00	
0.000000e+00	
0.000000e+00	
0.000000e+00	
0.000000e+00	
0.000000e+00	
0.000000e+00	
0.000000e+00	
0.000000e+00	
0.000000e+00	
0.000000e+00	
0.000000e+00	
0.000000e+00	
0.000000e+00	
0.000000e+00	
0.000000e+00	
0.000000e+00	
0.000000e+00	
0.000000e+00	
0.000000e+00	
0.000000e+00	
0.000000e+00	
0.000000e+00	
0.000000e+00	
0.000000e+00	
0.000000e+00	
0.000000e+00	
0.000000e+00	
0.000000e+00	
0.000000e+00	
0.000000e+00	
0.000000e+00	
0.000000e+00	
0.000000e+00	
0.000000e+00	
0.000000e+00	
0.000000e+00	
0.000000e+00	
0.000000e+00	
0.000000e+00	
0.000000e+00	
0.000000e+00	
0.000000e+00	
0.000000e+00	
0.000000e+00	
0.000000e+00	
0.000000e+00	
0.000000e+00	
0.000000e+00	
0.000000e+00	
0.000000e+00	
0.000000e+00	
0.000000e+00	
0.000000e+00	
0.000000e+00	
0.000000e+00	
0.000000e+00	
0.000000e+00	
0.000000e+00	
0.000000e+00	
0.000000e+00	
0.000000e+00	
0.000000e+00	
0.000000e+00	
0.000000e+00	
0.000000e+00	
0.000000e+00	
0.000000e+00	
0.000000e+00	
0.000000e+00	
0.000000e+00	
0.000000e+00	
0.000000e+00	
0.000000e+00	
0.000000e+00	
0.000000e+00	
0.000000e+00	
0.000000e+00	
0.000000e+00	
0.000000e+00	
0.000000e+00	
0.000000e+00	
0.000000e+00	
0.000000e+00	
0.000000e+00	
0.000000e+00	
0.000000e+00	
0.000000e+00	
0.000000e+00	
0.000000e+00	
0.000000e+00	
0.000000e+00	
0.000000e+00	
0.000000e+00	
0.000000e+00	
0.000000e+00	
0.000000e+00	
0.000000e+00	
0.000000e+00	
0.000000e+00	
0.000000e+00	
0.000000e+00	
0.000000e+00	
0.000000e+00	
0.000000e+00	
0.000000e+00	
0.000000e+00	
0.000000e+00	
0.000000e+00	
0.000000e+00	
0.000000e+00	
0.000000e+00	
0.000000e+00	
0.000000e+00	
0.000000e+00	
0.000000e+00	
0.000000e+00	
0.000000e+00	
0.000000e+00	
0.000000e+00	
0.000000e+00	
0.000000e+00	
0.000000e+00	
0.000000e+00	
0.000000e+00	
0.000000e+00	
0.000000e+00	
0.000000e+00	
0.000000e+00	
0.000000e+00	
0.000000e+00	
0.000000e+00	
0.000000e+00	
0.000000e+00	
0.000000e+00	
0.000000e+00	
0.000000e+00	
0.000000e+00	
0.000000e+00	
0.000000e+00	
0.000000e+00	
0.000000e+00	
0.000000e+00	
0.000000e+00	
0.000000e+00	
0.000000e+00	
0.000000e+00	
0.000000e+00	
0.000000e+00	
0.000000e+00	
0.000000e+00	
0.000000e+00	
0.000000e+00	
0.000000e+00	
0.000000e+00	
0.000000e+00	
0.000000e+00	
0.000000e+00	
0.000000e+00	
0.000000e+00	
0.000000e+00	
0.000000e+00	
0.000000e+00	
0.000000e+00	
0.000000e+00	
0.000000e+00	
0.000000e+00	
0.000000e+00	
0.000000e+00	
0.000000e+00	
0.000000e+00	
0.000000e+00	
0.000000e+00	
0.000000e+00	
0.000000e+00	
0.000000e+00	
0.000000e+00	
0.000000e+00	
0.000000e+00	
0.000000e+00	
0.000000e+00	
0.000000e+00	
0.000000e+00	
0.000000e+00	
0.000000e+00	
0.000000e+00	
0.000000e+00	
0.000000e+00	
0.000000e+00	
0.000000e+00	
0.000000e+00	
0.000000e+00	
0.000000e+00	
0.000000e+00	
0.000000e+00	
0.000000e+00	
0.000000e+00	
0.000000e+00	
0.000000e+00	
0.000000e+00	
0.000000e+00	
0.000000e+00	
0.000000e+00	
0.000000e+00	
0.000000e+00	
0.000000e+00	
0.000000e+00	
0.000000e+00	
0.000000e+00	
0.000000e+00	
0.000000e+00	
0.000000e+00	
0.000000e+00	
0.000000e+00	
0.000000e+00	
0.000000e+00	
0.000000e+00	
0.000000e+00	
0.000000e+00	
0.000000e+00	
0.000000e+00	
0.000000e+00	
0.000000e+00	
0.000000e+00	
0.000000e+00	
0.000000e+00	
0.000000e+00	
0.000000e+00	
0.000000e+00	
0.000000e+00	
0.000000e+00	
0.000000e+00	
0.000000e+00	
0.000000e+00	
0.000000e+00	
0.000000e+00	
0.000000e+00	
0.000000e+00	
0.000000e+00	
0.000000e+00	
0.000000e+00	
0.000000e+00	
0.000000e+00	
0.000000e+00	
0.000000e+00	
0.000000e+00	
0.000000e+00	
0.000000e+00	
0.000000e+00	
0.000000e+00	
0.000000e+00	
0.000000e+00	
0.000000e+00	
0.000000e+00	
0.000000e+00	
0.000000e+00	
0.000000e+00	
0.000000e+00	
0.000000e+00	
0.000000e+00	
0.000000e+00	
0.000000e+00	
0.000000e+00	
0.000000e+00	
0.000000e+00	
0.000000e+00	
0.000000e+00	
0.000000e+00	
0.000000e+00	
0.000000e+00	
0.000000e+00	
0.000000e+00	
0.000000e+00	
0.000000e+00	
0.000000e+00	
0.000000e+00	
0.000000e+00	
0.000000e+00	
0.000000e+00	
0.000000e+00	
0.000000e+00	
0.000000e+00	
0.000000e+00	
0.000000e+00	
0.000000e+00	
0.000000e+00	
0.000000e+00	
0.000000e+00	
0.000000e+00	
0.000000e+00	
0.000000e+00	
0.000000e+00	
0.000000e+00	
0.000000e+00	
0.000000e+00	
0.000000e+00	
0.000000e+00	
0.000000e+00	
0.000000e+00	
0.000000e+00	
0.000000e+00	
0.000000e+00	
0.000000e+00	
0.000000e+00	
0.000000e+00	
0.000000e+00	
0.000000e+00	
0.000000e+00	
0.000000e+00	
0.000000e+00	
0.000000e+00	
0.000000e+00	
0.000000e+00	
0.000000e+00	
0.000000e+00	
0.000000e+00	
0.000000e+00	
0.000000e+00	
0.000000e+00	
0.000000e+00	
0.000000e+00	
0.000000e+00	
0.000000e+00	
0.000000e+00	
0.000000e+00	
0.000000e+00	
0.000000e+00	
0.000000e+00	
0.000000e+00	
0.000000e+00	
0.000000e+00	
0.000000e+00	
0.000000e+00	
0.000000e+00	
0.000000e+00	
0.000000e+00	
0.000000e+00	
0.000000e+00	
0.000000e+00	
0.000000e+00	
0.000000e+00	
0.000000e+00	
0.000000e+00	
0.000000e+00	
0.000000e+00	
0.000000e+00	
0.000000e+00	
0.000000e+00	
0.000000e+00	
0.000000e+00	
0.000000e+00	
0.000000e+00	
0.000000e+00	
0.000000e+00	
0.000000e+00	
0.000000e+00	
0.000000e+00	
0.000000e+00	
0.000000e+00	
0.000000e+00	
0.000000e+00	
0.000000e+00	
0.000000e+00	
0.000000e+00	
0.000000e+00	
0.000000e+00	
0.000000e+00	
0.000000e+00	
0.000000e+00	
0.000000e+00	
0.000000e+00	
0.000000e+00	
0.000000e+00	
0.000000e+00	
0.000000e+00	
0.000000e+00	
0.000000e+00	
0.000000e+00	
0.000000e+00	
0.000000e+00	
0.000000e+00	
0.000000e+00	
0.000000e+00	
0.000000e+00	
0.000000e+00	
0.000000e+00	
0.000000e+00	
0.000000e+00	
0.000000e+00	
0.000000e+00	
0.000000e+00	
0.000000e+00	
0.000000e+00	
0.000000e+00	
0.000000e+00	
0.000000e+00	
0.000000e+00	
0.000000e+00	
0.000000e+00	
0.000000e+00	
0.000000e+00	
0.000000e+00	
0.000000e+00	
0.000000e+00	
0.000000e+00	
0.000000e+00	
0.000000e+00	
0.000000e+00	
0.000000e+00	
0.000000e+00	
0.000000e+00	
0.000000e+00	
0.000000e+00	
0.000000e+00	
0.000000e+00	
0.000000e+00	
0.000000e+00	
0.000000e+00	
0.000000e+00	
0.000000e+00	
0.000000e+00	
0.000000e+00	
0.000000e+00	
0.000000e+00	
0.000000e+00	
0.000000e+00	
0.000000e+00	
0.000000e+00	
0.000000e+00	
0.000000e+00	
0.000000e+00	
0.000000e+00	
0.000000e+00	
0.000000e+00	
0.000000e+00	
0.000000e+00	
0.000000e+00	
0.000000e+00	
0.000000e+00	
0.000000e+00	
0.000000e+00	
0.000000e+00	
0.000000e+00	
0.000000e+00	
0.000000e+00	
0.000000e+00	
0.000000e+00	
0.000000e+00	
0.000000e+00	
0.000000e+00	
0.000000e+00	
0.000000e+00	
0.000000e+00	
0.000000e+00	
0.000000e+00	
0.000000e+00	
0.000000e+00	
0.000000e+00	
0.000000e+00	
0.000000e+00	
0.000000e+00	
0.000000e+00	
0.000000e+00	
0.000000e+00	
0.000000e+00	
0.000000e+00	
0.000000e+00	
0.000000e+00	
0.000000e+00	
0.000000e+00	
0.000000e+00	
0.000000e+00	
0.000000e+00	
0.000000e+00	
0.000000e+00	
0.000000e+00	
0.000000e+00	
0.000000e+00	
0.000000e+00	
0.000000e+00	
0.000000e+00	
0.000000e+00	
0.000000e+00	
0.000000e+00	
0.000000e+00	
0.000000e+00	
0.000000e+00	
0.000000e+00	
0.000000e+00	
0.000000e+00	
0.000000e+00	
0.000000e+00	
0.000000e+00	
0.000000e+00	
0.000000e+00	
0.000000e+00	
0.000000e+00	
0.000000e+00	
0.000000e+00	
0.000000e+00	
0.000000e+00	
0.000000e+00	
0.000000e+00	
0.000000e+00	
0.000000e+00	
0.000000e+00	
0.000000e+00	
0.000000e+00	
0.000000e+00	
0.000000e+00	
0.000000e+00	
0.000000e+00	
0.000000e+00	
0.000000e+00	
0.000000e+00	
0.000000e+00	
0.000000e+00	
0.000000e+00	
0.000000e+00	
0.000000e+00	
0.000000e+00	
0.000000e+00	
0.000000e+00	
0.000000e+00	
0.000000e+00	
0.000000e+00	
0.000000e+00	
0.000000e+00	
0.000000e+00	
0.000000e+00	
0.000000e+00	
0.000000e+00	
0.000000e+00	
0.000000e+00	
0.000000e+00	
0.000000e+00	
0.000000e+00	
0.000000e+00	
0.000000e+00	
0.000000e+00	
0.000000e+00	
0.000000e+00	
0.000000e+00	
0.000000e+00	
0.000000e+00	
0.000000e+00	
0.000000e+00	
0.000000e+00	
0.000000e+00	
0.000000e+00	
0.000000e+00	
0.000000e+00	
0.000000e+00	
0.000000e+00	
0.000000e+00	
0.000000e+00	
0.000000e+00	
0.000000e+00	
0.000000e+00	
0.000000e+00	
0.000000e+00	
0.000000e+00	
0.000000e+00	
0.000000e+00	
0.000000e+00	
0.000000e+00	
0.000000e+00	
0.000000e+00	
0.000000e+00	
0.000000e+00	
0.000000e+00	
0.000000e+00	
0.000000e+00	
0.000000e+00	
0.000000e+00	
0.000000e+00	
0.000000e+00	
0.000000e+00	
0.000000e+00	
0.000000e+00	
0.000000e+00	
0.000000e+00	
0.000000e+00	
0.000000e+00	
0.000000e+00	
0.000000e+00	
0.000000e+00	
0.000000e+00	
0.000000e+00	
0.000000e+00	
0.000000e+00	
0.000000e+00	
0.000000e+00	
0.000000e+00	
0.000000e+00	
0.000000e+00	
0.000000e+00	
0.000000e+00	
0.000000e+00	
0.000000e+00	
0.000000e+00	
0.000000e+00	
0.000000e+00	
0.000000e+00	
0.000000e+00	
0.000000e+00	
0.000000e+00	
0.000000e+00	
0.000000e+00	
0.000000e+00	
0.000000e+00	
0.000000e+00	
0.000000e+00	
0.000000e+00	
0.000000e+00	
0.000000e+00	
0.000000e+00	
0.000000e+00	
0.000000e+00	
0.000000e+00	
0.000000e+00	
0.000000e+00	
0.000000e+00	
0.000000e+00	
0.000000e+00	
0.000000e+00	
0.000000e+00	
0.000000e+00	
0.000000e+00	
0.000000e+00	
0.000000e+00	
0.000000e+00	
0.000000e+00	
0.000000e+00	
0.000000e+00	
0.000000e+00	
0.000000e+00	
0.000000e+00	
0.000000e+00	
0.000000e+00	
0.000000e+00	
0.000000e+00	
0.000000e+00	
0.000000e+00	
0.000000e+00	
0.000000e+00	
0.000000e+00	
0.000000e+00	
0.000000e+00	
0.000000e+00	
0.000000e+00	
0.000000e+00	
0.000000e+00	
0.000000e+00	
0.000000e+00	
0.000000e+00	
0.000000e+00	
0.000000e+00	
0.000000e+00	
0.000000e+00	
0.000000e+00	
0.000000e+00	
0.000000e+00	
0.000000e+00	
0.000000e+00	
0.000000e+00	
0.000000e+00	
0.000000e+00	
0.000000e+00	
0.000000e+00	
0.000000e+00	
0.000000e+00	
0.000000e+00	
0.000000e+00	
0.000000e+00	
0.000000e+00	
0.000000e+00	
0.000000e+00	
0.000000e+00	
0.000000e+00	
0.000000e+00	
0.000000e+00	
0.000000e+00	
0.000000e+00	
0.000000e+00	
0.000000e+00	
0.000000e+00	
0.000000e+00	
0.000000e+00	
0.000000e+00	
0.000000e+00	
0.000000e+00	
0.000000e+00	
0.000000e+00	
0.000000e+00	
0.000000e+00	
0.000000e+00	
0.000000e+00	
0.000000e+00	
0.000000e+00	
0.000000e+00	
0.000000e+00	
0.000000e+00	
0.000000e+00	
0.000000e+00	
0.000000e+00	
0.000000e+00	
0.000000e+00	
0.000000e+00	
0.000000e+00	
0.000000e+00	
0.000000e+00	
0.000000e+00	
0.000000e+00	
0.000000e+00	
0.000000e+00	
0.000000e+00	
0.000000e+00	
0.000000e+00	
0.000000e+00	
0.000000e+00	
0.000000e+00	
0.000000e+00	
0.000000e+00	
0.000000e+00	
0.000000e+00	
0.000000e+00	
0.000000e+00	
0.000000e+00	
0.000000e+00	
0.000000e+00	
0.000000e+00	
0.000000e+00	
0.000000e+00	
0.000000e+00	
0.000000e+00	
0.000000e+00	
0.000000e+00	
0.000000e+00	
0.000000e+00	
0.000000e+00	
0.000000e+00	
0.000000e+00	
0.000000e+00	
0.000000e+00	
0.000000e+00	
0.000000e+00	
0.000000e+00	
0.000000e+00	
0.000000e+00	
0.000000e+00	
0.000000e+00	
0.000000e+00	
0.000000e+00	
0.000000e+00	
0.000000e+00	
0.000000e+00	
0.000000e+00	
0.000000e+00	
0.000000e+00	
0.000000e+00	
0.000000e+00	
0.000000e+00	
0.000000e+00	
0.000000e+00	
0.000000e+00	
0.000000e+00	
0.000000e+00	
0.000000e+00	
0.000000e+00	
0.000000e+00	
0.000000e+00	
0.000000e+00	
0.000000e+00	
0.000000e+00	
0.000000e+00	
0.000000e+00	
0.000000e+00	
0.000000e+00	
0.000000e+00	
0.000000e+00	
0.000000e+00	
0.000000e+00	
0.000000e+00	
0.000000e+00	
0.000000e+00	
0.000000e+00	
0.000000e+00	
0.000000e+00	
0.000000e+00	
0.000000e+00	
0.000000e+00	
0.000000e+00	
0.000000e+00	
0.000000e+00	
0.000000e+00	
0.000000e+00	
0.000000e+00	
0.000000e+00	
0.000000e+00	
0.000000e+00	
0.000000e+00	
0.000000e+00	
0.000000e+00	
0.000000e+00	
0.000000e+00	
0.000000e+00	
0.000000e+00	
0.000000e+00	
0.000000e+00	
0.000000e+00	
0.000000e+00	
0.000000e+00	
5.466871e-01	
1.093374e+00	
1.640061e+00	
2.186749e+00	
2.733436e+00	
3.280123e+00	
3.826810e+00	
4.373497e+00	
4.920184e+00	
5.466871e+00	
6.013558e+00	
6.560246e+00	
7.106933e+00	
7.653620e+00	
8.200307e+00	
8.746994e+00	
9.293681e+00	
9.840368e+00	
1.038706e+01	
1.093374e+01	
1.148043e+01	
1.202712e+01	
1.257380e+01	
1.312049e+01	
1.366718e+01	
1.421387e+01	
1.476055e+01	
1.530724e+01	
1.585393e+01	
1.640061e+01	
1.694730e+01	
1.749399e+01	
1.804068e+01	
1.858736e+01	
1.913405e+01	
1.968074e+01	
2.022742e+01	
2.077411e+01	
2.132080e+01	
2.186749e+01	
2.241417e+01	
2.296086e+01	
2.350755e+01	
2.405423e+01	
2.460092e+01	
2.514761e+01	
2.569430e+01	
2.624098e+01	
2.678767e+01	
2.733436e+01	
2.788104e+01	
2.842773e+01	
2.897442e+01	
2.952111e+01	
3.006779e+01	
3.061448e+01	
3.116117e+01	
3.170785e+01	
3.225454e+01	
3.280123e+01	
3.334791e+01	
3.389460e+01	
3.444129e+01	
3.498798e+01	
3.553466e+01	
3.608135e+01	
3.662804e+01	
3.717472e+01	
3.772141e+01	
3.826810e+01	
3.881479e+01	
3.936147e+01	
3.990816e+01	
4.045485e+01	
4.100153e+01	
4.154822e+01	
4.209491e+01	
4.264160e+01	
4.318828e+01	
4.373497e+01	
4.428166e+01	
4.482834e+01	
4.537503e+01	
4.592172e+01	
4.646841e+01	
4.701509e+01	
4.756178e+01	
4.810847e+01	
4.865515e+01	
4.920184e+01	
4.974853e+01	
5.029522e+01	
5.084190e+01	
5.138859e+01	
5.193528e+01	
5.248196e+01	
5.302865e+01	
5.357534e+01	
5.412203e+01	
5.466871e+01	
5.521540e+01	
5.576209e+01	
5.630877e+01	
5.685546e+01	
5.740215e+01	
5.794884e+01	
5.849552e+01	
5.904221e+01	
5.958890e+01	
6.013558e+01	
6.068227e+01	
6.122896e+01	
6.177565e+01	
6.232233e+01	
6.286902e+01	
6.341571e+01	
6.396239e+01	
6.450908e+01	
6.505577e+01	
6.560246e+01	
6.614914e+01	
6.669583e+01	
6.724252e+01	
6.778920e+01	
6.833589e+01	
6.888258e+01	
6.942927e+01	
6.997595e+01	
7.052264e+01	
7.106933e+01	
7.161601e+01	
7.216270e+01	
7.270939e+01	
7.325608e+01	
7.380276e+01	
7.434945e+01	
7.489614e+01	
7.544282e+01	
7.598951e+01	
7.653620e+01	
7.708289e+01	
7.762957e+01	
7.817626e+01	
7.872295e+01	
7.926963e+01	
7.981632e+01	
8.036301e+01	
8.090970e+01	
8.145638e+01	
8.200307e+01	
8.254976e+01	
8.309644e+01	
8.364313e+01	
8.418982e+01	
8.473651e+01	
8.528319e+01	
8.582988e+01	
8.637657e+01	
8.692325e+01	
8.746994e+01	
8.801663e+01	
8.856332e+01	
8.911000e+01	
8.965669e+01	
9.020338e+01	
9.075006e+01	
9.129675e+01	
9.184344e+01	
9.239012e+01	
9.293681e+01	
9.348350e+01	
9.403019e+01	
9.457687e+01	
9.512356e+01	
9.567025e+01	
9.621693e+01	
9.676362e+01	
9.731031e+01	
9.785700e+01	
9.840368e+01	
9.895037e+01	
9.949706e+01	
1.000437e+02	
1.005904e+02	
1.011371e+02	
1.016838e+02	
1.022305e+02	
1.027772e+02	
1.033239e+02	
1.038706e+02	
1.044172e+02	
1.049639e+02	
1.055106e+02	
1.060573e+02	
1.066040e+02	
1.071507e+02	
1.076974e+02	
1.082441e+02	
1.087907e+02	
1.093374e+02	
1.098841e+02	
1.104308e+02	
1.109775e+02	
1.115242e+02	
1.120709e+02	
1.126175e+02	
1.131642e+02	
1.137109e+02	
1.142576e+02	
1.148043e+02	
1.153510e+02	
1.158977e+02	
1.164444e+02	
1.169910e+02	
1.175377e+02	
1.180844e+02	
1.186311e+02	
1.191778e+02	
1.197245e+02	
1.202712e+02	
1.208179e+02	
1.213645e+02	
1.219112e+02	
1.224579e+02	
1.230046e+02	
1.235513e+02	
1.240980e+02	
1.246447e+02	
1.251914e+02	
1.257380e+02	
1.262847e+02	
1.268314e+02	
1.273781e+02	
1.279248e+02	
1.284715e+02	
1.290182e+02	
1.295648e+02	
1.301115e+02	
1.306582e+02	
1.312049e+02	
1.317516e+02	
1.322983e+02	
1.328450e+02	
1.333917e+02	
1.339383e+02	
1.344850e+02	
1.350317e+02	
1.355784e+02	
1.361251e+02	
1.366718e+02	
1.372185e+02	
1.377652e+02	
1.383118e+02	
1.388585e+02	
1.394052e+02	
1.399519e+02	
1.404986e+02	
1.410453e+02	
1.415920e+02	
1.421387e+02	
1.426853e+02	
1.432320e+02	
1.437787e+02	
1.443254e+02	
1.448721e+02	
1.454188e+02	
1.459655e+02	
1.465122e+02	
1.470588e+02	
1.476055e+02	
1.481522e+02	
1.486989e+02	
1.492456e+02	
1.497923e+02	
1.503390e+02	
1.508856e+02	
1.514323e+02	
1.519790e+02	
1.525257e+02	
1.530724e+02	
1.536191e+02	
1.541658e+02	
1.547125e+02	
1.552591e+02	
1.558058e+02	
1.563525e+02	
1.568992e+02	
1.574459e+02	
1.579926e+02	
1.585393e+02	
1.590860e+02	
1.596326e+02	
1.601793e+02	
1.607260e+02	
1.612727e+02	
1.618194e+02	
1.623661e+02	
1.629128e+02	
1.634595e+02	
1.640061e+02	
1.645528e+02	
1.650995e+02	
1.656462e+02	
1.661929e+02	
1.667396e+02	
1.672863e+02	
1.678329e+02	
1.683796e+02	
1.689263e+02	
1.694730e+02	
1.700197e+02	
1.705664e+02	
1.711131e+02	
1.716598e+02	
1.722064e+02	
1.727531e+02	
1.732998e+02	
1.738465e+02	
1.743932e+02	
1.749399e+02	
1.754866e+02	
1.760333e+02	
1.765799e+02	
1.771266e+02	
1.776733e+02	
1.782200e+02	
1.787667e+02	
1.793134e+02	
1.798601e+02	
1.804068e+02	
1.809534e+02	
1.815001e+02	
1.820468e+02	
1.825935e+02	
1.831402e+02	
1.836869e+02	
1.842336e+02	
1.847802e+02	
1.853269e+02	
1.858736e+02	
1.864203e+02	
1.869670e+02	
1.875137e+02	
1.880604e+02	
1.886071e+02	
1.891537e+02	
1.897004e+02	
1.902471e+02	
1.907938e+02	
1.913405e+02	
1.918872e+02	
1.924339e+02	
1.929806e+02	
1.935272e+02	
1.940739e+02	
1.946206e+02	
1.951673e+02	
1.957140e+02	
1.962607e+02	
1.968074e+02	
1.973541e+02	
1.979007e+02	
1.984474e+02	
1.989941e+02	
1.995408e+02	
2.000000e+02	
2.000000e+02	
2.000000e+02	
2.000000e+02	
2.000000e+02	
2.000000e+02	
2.000000e+02	
2.000000e+02	
2.000000e+02	
2.000000e+02	
2.000000e+02	
2.000000e+02	
2.000000e+02	
2.000000e+02	
2.000000e+02	
2.000000e+02	
2.000000e+02	
2.000000e+02	
2.000000e+02	
2.000000e+02	
2.000000e+02	
2.000000e+02	
2.000000e+02	
2.000000e+02	
2.000000e+02	
2.000000e+02	
2.000000e+02	
2.000000e+02	
2.000000e+02	
2.000000e+02	
2.000000e+02	
2.000000e+02	
2.000000e+02	
2.000000e+02	
2.000000e+02	
2.000000e+02	
2.000000e+02	
2.000000e+02	
2.000000e+02	
2.000000e+02	
2.000000e+02	
2.000000e+02	
2.000000e+02	
2.000000e+02	
2.000000e+02	
2.000000e+02	
2.000000e+02	
2.000000e+02	
2.000000e+02	
2.000000e+02	
2.000000e+02	
2.000000e+02	
2.000000e+02	
2.000000e+02	
2.000000e+02	
2.000000e+02	
2.000000e+02	
2.000000e+02	
2.000000e+02	
2.000000e+02	
2.000000e+02	
2.000000e+02	
2.000000e+02	
2.000000e+02	
2.000000e+02	
2.000000e+02	
2.000000e+02	
2.000000e+02	
2.000000e+02	
2.000000e+02	
2.000000e+02	
2.000000e+02	
2.000000e+02	
2.000000e+02	
2.000000e+02	
2.000000e+02	
2.000000e+02	
2.000000e+02	
2.000000e+02	
2.000000e+02	
2.000000e+02	
2.000000e+02	
2.000000e+02	
2.000000e+02	
2.000000e+02	
2.000000e+02	
2.000000e+02	
2.000000e+02	
2.000000e+02	
2.000000e+02	
2.000000e+02	
2.000000e+02	
2.000000e+02	
2.000000e+02	
2.000000e+02	
2.000000e+02	
2.000000e+02	
2.000000e+02	
2.000000e+02	
2.000000e+02	
2.000000e+02	
2.000000e+02	
2.000000e+02	
2.000000e+02	
2.000000e+02	
2.000000e+02	
2.000000e+02	
2.000000e+02	
2.000000e+02	
2.000000e+02	
2.000000e+02	
2.000000e+02	
2.000000e+02	
2.000000e+02	
2.000000e+02	
2.000000e+02	
2.000000e+02	
2.000000e+02	
2.000000e+02	
2.000000e+02	
2.000000e+02	
2.000000e+02	
2.000000e+02	
2.000000e+02	
1.994533e+02	
1.989066e+02	
1.983599e+02	
1.978133e+02	
1.972666e+02	
1.967199e+02	
1.961732e+02	
1.956265e+02	
1.950798e+02	
1.945331e+02	
1.939864e+02	
1.934398e+02	
1.928931e+02	
1.923464e+02	
1.917997e+02	
1.912530e+02	
1.907063e+02	
1.901596e+02	
1.896129e+02	
1.890663e+02	
1.885196e+02	
1.879729e+02	
1.874262e+02	
1.868795e+02	
1.863328e+02	
1.857861e+02	
1.852394e+02	
1.846928e+02	
1.841461e+02	
1.835994e+02	
1.830527e+02	
1.825060e+02	
1.819593e+02	
1.814126e+02	
1.808660e+02	
1.803193e+02	
1.797726e+02	
1.792259e+02	
1.786792e+02	
1.781325e+02	
1.775858e+02	
1.770391e+02	
1.764925e+02	
1.759458e+02	
1.753991e+02	
1.748524e+02	
1.743057e+02	
1.737590e+02	
1.732123e+02	
1.726656e+02	
1.721190e+02	
1.715723e+02	
1.710256e+02	
1.704789e+02	
1.699322e+02	
1.693855e+02	
1.688388e+02	
1.682921e+02	
1.677455e+02	
1.671988e+02	
1.666521e+02	
1.661054e+02	
1.655587e+02	
1.650120e+02	
1.644653e+02	
1.639186e+02	
1.633720e+02	
1.628253e+02	
1.622786e+02	
1.617319e+02	
1.611852e+02	
1.606385e+02	
1.600918e+02	
1.595452e+02	
1.589985e+02	
1.584518e+02	
1.579051e+02	
1.573584e+02	
1.568117e+02	
1.562650e+02	
1.557183e+02	
1.551717e+02	
1.546250e+02	
1.540783e+02	
1.535316e+02	
1.529849e+02	
1.524382e+02	
1.518915e+02	
1.513448e+02	
1.507982e+02	
1.502515e+02	
1.497048e+02	
1.491581e+02	
1.486114e+02	
1.480647e+02	
1.475180e+02	
1.469713e+02	
1.464247e+02	
1.458780e+02	
1.453313e+02	
1.447846e+02	
1.442379e+02	
1.436912e+02	
1.431445e+02	
1.425979e+02	
1.420512e+02	
1.415045e+02	
1.409578e+02	
1.404111e+02	
1.398644e+02	
1.393177e+02	
1.387710e+02	
1.382244e+02	
1.376777e+02	
1.371310e+02	
1.365843e+02	
1.360376e+02	
1.354909e+02	
1.349442e+02	
1.343975e+02	
1.338509e+02	
1.333042e+02	
1.327575e+02	
1.322108e+02	
1.316641e+02	
1.311174e+02	
1.305707e+02	
1.300240e+02	
1.294774e+02	
1.289307e+02	
1.283840e+02	
1.278373e+02	
1.272906e+02	
1.267439e+02	
1.261972e+02	
1.256506e+02	
1.251039e+02	
1.245572e+02	
1.240105e+02	
1.234638e+02	
1.229171e+02	
1.223704e+02	
1.218237e+02	
1.212771e+02	
1.207304e+02	
1.201837e+02	
1.196370e+02	
1.190903e+02	
1.185436e+02	
1.179969e+02	
1.174502e+02	
1.169036e+02	
1.163569e+02	
1.158102e+02	
1.152635e+02	
1.147168e+02	
1.141701e+02	
1.136234e+02	
1.130767e+02	
1.125301e+02	
1.119834e+02	
1.114367e+02	
1.108900e+02	
1.103433e+02	
1.097966e+02	
1.092499e+02	
1.087032e+02	
1.081566e+02	
1.076099e+02	
1.070632e+02	
1.065165e+02	
1.059698e+02	
1.054231e+02	
1.048764e+02	
1.043298e+02	
1.037831e+02	
1.032364e+02	
1.026897e+02	
1.021430e+02	
1.015963e+02	
1.010496e+02	
1.005029e+02	
9.995626e+01	
9.940957e+01	
9.886288e+01	
9.831619e+01	
9.776951e+01	
9.722282e+01	
9.667613e+01	
9.612945e+01	
9.558276e+01	
9.503607e+01	
9.448938e+01	
9.394270e+01	
9.339601e+01	
9.284932e+01	
9.230264e+01	
9.175595e+01	
9.120926e+01	
9.066257e+01	
9.011589e+01	
8.956920e+01	
8.902251e+01	
8.847583e+01	
8.792914e+01	
8.738245e+01	
8.683576e+01	
8.628908e+01	
8.574239e+01	
8.519570e+01	
8.464902e+01	
8.410233e+01	
8.355564e+01	
8.300895e+01	
8.246227e+01	
8.191558e+01	
8.136889e+01	
8.082221e+01	
8.027552e+01	
7.972883e+01	
7.918214e+01	
7.863546e+01	
7.808877e+01	
7.754208e+01	
7.699540e+01	
7.644871e+01	
7.590202e+01	
7.535533e+01	
7.480865e+01	
7.426196e+01	
7.371527e+01	
7.316859e+01	
7.262190e+01	
7.207521e+01	
7.152852e+01	
7.098184e+01	
7.043515e+01	
6.988846e+01	
6.934178e+01	
6.879509e+01	
6.824840e+01	
6.770171e+01	
6.715503e+01	
6.660834e+01	
6.606165e+01	
6.551497e+01	
6.496828e+01	
6.442159e+01	
6.387490e+01	
6.332822e+01	
6.278153e+01	
6.223484e+01	
6.168816e+01	
6.114147e+01	
6.059478e+01	
6.004809e+01	
5.950141e+01	
5.895472e+01	
5.840803e+01	
5.786135e+01	
5.731466e+01	
5.676797e+01	
5.622128e+01	
5.567460e+01	
5.512791e+01	
5.458122e+01	
5.403454e+01	
5.348785e+01	
5.294116e+01	
5.239447e+01	
5.184779e+01	
5.130110e+01	
5.075441e+01	
5.020773e+01	
4.966104e+01	
4.911435e+01	
4.856766e+01	
4.802098e+01	
4.747429e+01	
4.692760e+01	
4.638092e+01	
4.583423e+01	
4.528754e+01	
4.474086e+01	
4.419417e+01	
4.364748e+01	
4.310079e+01	
4.255411e+01	
4.200742e+01	
4.146073e+01	
4.091405e+01	
4.036736e+01	
3.982067e+01	
3.927398e+01	
3.872730e+01	
3.818061e+01	
3.763392e+01	
3.708724e+01	
3.654055e+01	
3.599386e+01	
3.544717e+01	
3.490049e+01	
3.435380e+01	
3.380711e+01	
3.326043e+01	
3.271374e+01	
3.216705e+01	
3.162036e+01	
3.107368e+01	
3.052699e+01	
2.998030e+01	
2.943362e+01	
2.888693e+01	
2.834024e+01	
2.779355e+01	
2.724687e+01	
2.670018e+01	
2.615349e+01	
2.560681e+01	
2.506012e+01	
2.451343e+01	
2.396674e+01	
2.342006e+01	
2.287337e+01	
2.232668e+01	
2.178000e+01	
2.123331e+01	
2.068662e+01	
2.013993e+01	
1.959325e+01	
1.904656e+01	
1.849987e+01	
1.795319e+01	
1.740650e+01	
1.685981e+01	
1.631312e+01	
1.576644e+01	
1.521975e+01	
1.467306e+01	
1.412638e+01	
1.357969e+01	
1.303300e+01	
1.248631e+01	
1.193963e+01	
1.139294e+01	
1.084625e+01	
1.029957e+01	
9.752879e+00	
9.206192e+00	
8.659504e+00	
8.112817e+00	
7.566130e+00	
7.019443e+00	
6.472756e+00	
5.926069e+00	
5.379382e+00	
4.832695e+00	
4.286007e+00	
3.739320e+00	
3.192633e+00	
2.645946e+00	
2.099259e+00	
1.552572e+00	
1.005885e+00	
4.591975e-01	
