#    
#    

#------------ Paramètres ------------
type_calcul : ELLIPSO
Pola    : TM
n_super = 1.000000 + i0.000000
n_sub   = 1.000000 + i0.000000
L       = 7000.000000
h       = 1000.000000
coef_h  = 1.000000
lambda  = 632.799988
angle_i = 0.000000
N       = 25
NS      = 10
delta_h = 1.000000
Nstep   = 1000
N_x = 1024

#------------ Efficacités -------------
somm_eff          =  1.000000e-00
un_moins_somm_eff =  1.111296e-08
somm_eff_R        =  2.118822e-01
somm_eff_T        =  7.881178e-01
eff_R       =  1.258362e-02  3.559457e-03  2.716055e-04  1.215482e-03  2.642153e-03  4.135310e-03  1.089068e-03  7.626425e-03  2.553828e-03  2.028948e-04  4.013142e-03  9.884061e-02  1.819759e-02  6.294170e-03  2.142230e-03  3.114606e-03  3.823970e-03  1.279935e-02  1.369152e-02  1.223431e-03  3.021344e-03  2.682957e-03  6.157379e-03 
N_eff_R     = -1.100000e+01 -1.000000e+01 -9.000000e+00 -8.000000e+00 -7.000000e+00 -6.000000e+00 -5.000000e+00 -4.000000e+00 -3.000000e+00 -2.000000e+00 -1.000000e+00  0.000000e+00  1.000000e+00  2.000000e+00  3.000000e+00  4.000000e+00  5.000000e+00  6.000000e+00  7.000000e+00  8.000000e+00  9.000000e+00  1.000000e+01  1.100000e+01 
theta_eff_R = -8.393354e+01 -6.468893e+01 -5.444917e+01 -4.631931e+01 -3.925700e+01 -3.284717e+01 -2.687207e+01 -2.119849e+01 -1.573569e+01 -1.041636e+01 -5.186619e+00  0.000000e+00  5.186619e+00  1.041636e+01  1.573569e+01  2.119849e+01  2.687207e+01  3.284717e+01  3.925700e+01  4.631931e+01  5.444917e+01  6.468893e+01  8.393354e+01 
eff_T       =  2.033448e-03  2.588893e-03  3.180852e-02  1.606443e-02  5.907284e-02  2.659406e-02  1.449099e-02  1.242077e-02  2.885271e-02  1.257435e-01  7.787011e-02  8.175992e-02  1.041976e-01  4.007581e-03  2.614421e-02  4.430812e-03  7.464938e-03  2.426269e-02  2.404234e-04  6.869062e-02  1.093582e-02  2.676534e-02  3.167763e-02 
N_eff_T     = -1.100000e+01 -1.000000e+01 -9.000000e+00 -8.000000e+00 -7.000000e+00 -6.000000e+00 -5.000000e+00 -4.000000e+00 -3.000000e+00 -2.000000e+00 -1.000000e+00  0.000000e+00  1.000000e+00  2.000000e+00  3.000000e+00  4.000000e+00  5.000000e+00  6.000000e+00  7.000000e+00  8.000000e+00  9.000000e+00  1.000000e+01  1.100000e+01 
theta_eff_T = -8.393354e+01 -6.468893e+01 -5.444917e+01 -4.631931e+01 -3.925700e+01 -3.284717e+01 -2.687207e+01 -2.119849e+01 -1.573569e+01 -1.041636e+01 -5.186619e+00  0.000000e+00  5.186619e+00  1.041636e+01  1.573569e+01  2.119849e+01  2.687207e+01  3.284717e+01  3.925700e+01  4.631931e+01  5.444917e+01  6.468893e+01  8.393354e+01 
Re_Ai =  0.000000e+00  0.000000e+00  0.000000e+00  0.000000e+00  0.000000e+00  0.000000e+00  0.000000e+00  0.000000e+00  0.000000e+00  0.000000e+00  0.000000e+00  0.000000e+00  0.000000e+00  0.000000e+00  0.000000e+00  0.000000e+00  0.000000e+00  0.000000e+00  0.000000e+00  0.000000e+00  0.000000e+00  0.000000e+00  0.000000e+00  0.000000e+00  0.000000e+00  1.000000e+00  0.000000e+00  0.000000e+00  0.000000e+00  0.000000e+00  0.000000e+00  0.000000e+00  0.000000e+00  0.000000e+00  0.000000e+00  0.000000e+00  0.000000e+00  0.000000e+00  0.000000e+00  0.000000e+00  0.000000e+00  0.000000e+00  0.000000e+00  0.000000e+00  0.000000e+00  0.000000e+00  0.000000e+00  0.000000e+00  0.000000e+00  0.000000e+00  0.000000e+00 
Im_Ai =  0.000000e+00  0.000000e+00  0.000000e+00  0.000000e+00  0.000000e+00  0.000000e+00  0.000000e+00  0.000000e+00  0.000000e+00  0.000000e+00  0.000000e+00  0.000000e+00  0.000000e+00  0.000000e+00  0.000000e+00  0.000000e+00  0.000000e+00  0.000000e+00  0.000000e+00  0.000000e+00  0.000000e+00  0.000000e+00  0.000000e+00  0.000000e+00  0.000000e+00  0.000000e+00  0.000000e+00  0.000000e+00  0.000000e+00  0.000000e+00  0.000000e+00  0.000000e+00  0.000000e+00  0.000000e+00  0.000000e+00  0.000000e+00  0.000000e+00  0.000000e+00  0.000000e+00  0.000000e+00  0.000000e+00  0.000000e+00  0.000000e+00  0.000000e+00  0.000000e+00  0.000000e+00  0.000000e+00  0.000000e+00  0.000000e+00  0.000000e+00  0.000000e+00 
Re_A0 = -9.573061e-03 -1.606502e-02 -2.249813e-03 -1.877527e-02 -3.164025e-03  1.526425e-02  2.283726e-02 -2.166873e-02  1.412880e-02 -1.299117e-02 -3.975759e-02  1.133650e-01  3.848169e-02  1.681999e-01  1.774006e-01 -8.545347e-02  5.683259e-03  8.384461e-03 -1.786304e-02 -5.287150e-02  1.594827e-02 -7.137281e-02  2.633399e-02 -7.018434e-03 -2.415234e-02  3.114854e-01 -1.132499e-01  1.947971e-02  1.472896e-02 -2.588980e-02 -3.265651e-02 -1.102994e-01  1.301877e-01  1.541324e-02 -5.800186e-03 -2.667938e-02 -3.751189e-03 -7.078547e-02 -9.518706e-02  9.511400e-03 -1.607838e-02 -2.555827e-02  4.171647e-02 -7.323242e-03  3.800315e-02  1.754257e-04  1.039645e-02  7.938114e-03 -1.482741e-02 -2.281814e-03  3.705708e-03 
Im_A0 = -2.292686e-03 -1.092755e-02 -3.996504e-03 -2.322114e-02  8.343707e-03 -1.356596e-02  3.100186e-02 -5.407053e-03  6.279423e-03 -3.741630e-04 -7.107699e-03 -8.412935e-02 -6.067429e-02 -3.487007e-02  2.959723e-01 -3.198885e-02 -2.085277e-02  4.110522e-02 -5.561615e-02  4.611819e-02  3.108949e-02  5.555049e-02  4.426947e-02  1.253141e-02  5.870525e-02  4.263138e-02  7.380284e-02  7.758980e-02 -4.481850e-02 -5.167568e-02 -5.674882e-02 -5.540016e-02 -2.707897e-02 -3.916479e-02 -7.185265e-02 -7.458993e-02 -2.413487e-01  1.730564e-01 -6.958991e-02  5.409387e-02  4.582142e-03  1.968419e-02 -3.641716e-02 -1.627559e-03 -2.841264e-02 -1.466659e-02 -1.239621e-02  1.519318e-02  4.244189e-04 -1.530143e-02  4.008145e-03 
Re_Ah =  4.169774e-03  2.916065e-02  2.628757e-02 -7.484236e-03  2.052973e-03 -7.765564e-03 -7.471287e-03 -1.270698e-02  2.993607e-02  4.652597e-03 -1.625447e-02 -1.015725e-01 -1.917906e-01  2.370957e-01 -1.301570e-01  7.589749e-02  2.109551e-01 -8.282258e-02  1.410735e-01 -1.355292e-01  8.523349e-02 -1.143922e-01 -1.635219e-01 -3.063847e-01 -2.181499e-01 -2.564059e-02 -5.538500e-02 -4.305961e-02  5.244987e-02 -5.764733e-02 -3.649508e-02 -1.481831e-03  5.724390e-03  2.902426e-01 -6.916388e-02 -8.980013e-02  5.340375e-01  9.576907e-02 -9.577667e-02  7.217633e-02 -3.217324e-02  2.044098e-02  8.347112e-03 -5.510227e-03  3.525582e-02 -1.125984e-02  2.151123e-02  1.511878e-02  3.894453e-02 -2.796405e-03  3.281271e-03 
Im_Ah = -1.025587e-02 -3.175427e-04 -9.913584e-04 -5.689953e-05  1.850014e-02  2.364316e-02 -1.736435e-02  2.487064e-03  4.024337e-02 -4.392438e-02  2.074284e-02  8.502352e-03  4.310715e-02  1.829073e-01  4.796192e-02 -1.717560e-02  1.010239e-01 -1.280651e-01 -2.374630e-01  1.152688e-01  9.476512e-02 -1.538354e-02  5.689214e-02  1.843337e-01  1.749311e-01 -2.847850e-01  3.186824e-01  4.712328e-02  1.562408e-01 -3.780444e-02 -8.388507e-02 -1.699347e-01  1.666522e-02 -1.233645e-01  1.184272e-01  2.335383e-01 -1.206182e-01  3.067433e-02  4.832226e-02 -4.621849e-03 -1.094010e-01  2.185003e-03  9.585274e-03  2.164777e-02  1.998292e-02  3.587018e-03  8.432184e-03  7.548764e-03  1.190252e-02  1.716479e-03  1.752269e-02 
effR_s  =  1.002536e-05  2.384123e-03  1.077539e-03  1.933429e-04  8.205434e-03  2.907450e-03  9.717257e-03  1.894718e-03  8.635529e-03  3.924298e-02  1.466913e-02  5.237391e-02  2.816045e-02  2.267271e-03  3.722082e-02  4.156404e-03  1.123674e-02  2.615035e-02  3.848021e-03  1.049979e-03  1.318326e-04  3.885566e-03  3.607115e-03 
effR_p  =  1.258362e-02  3.559457e-03  2.716055e-04  1.215482e-03  2.642153e-03  4.135310e-03  1.089068e-03  7.626425e-03  2.553828e-03  2.028948e-04  4.013142e-03  9.884061e-02  1.819759e-02  6.294170e-03  2.142230e-03  3.114606e-03  3.823970e-03  1.279935e-02  1.369152e-02  1.223431e-03  3.021344e-03  2.682957e-03  6.157379e-03 
delta_s = -3.247777e+00  1.183706e+02  1.206316e+02  2.585907e+01 -8.982500e+01 -7.385440e+01 -7.955878e+01  1.701410e+02  9.228477e+01  1.219665e+02  4.987343e+01 -1.335929e+02 -1.458955e+02 -1.756269e+02  5.398459e+01 -1.667551e+02  2.083196e+01 -1.146759e+02 -2.818370e+01 -9.625465e+01 -1.028015e+02 -5.582726e+01  1.061846e+02 
delta_p =  5.906227e+01 -1.594770e+02 -7.475476e+01  7.847121e+01 -1.078062e+02  1.389028e+02  6.284311e+01  1.421059e+02  5.925342e+01  1.192518e+02  1.123631e+02  7.793353e+00  1.469085e+02  7.590660e+01 -7.180762e+01 -1.166111e+02 -1.199186e+02 -1.533310e+02 -1.174995e+01 -6.851796e+01 -9.461510e+01 -1.096811e+02 -9.089045e+01 
delta   = -6.231004e+01 -8.215237e+01 -1.646136e+02 -5.261215e+01  1.798121e+01  1.472428e+02 -1.424019e+02  2.803517e+01  3.303135e+01  2.714768e+00 -6.248967e+01 -1.413863e+02  6.719605e+01  1.084665e+02  1.257922e+02 -5.014401e+01  1.407505e+02  3.865505e+01 -1.643375e+01 -2.773669e+01 -8.186361e+00  5.385388e+01 -1.629250e+02 