#    
#    

#------------ Paramètres ------------
calcul_type : STD
Pola    : TE
n_super = 1.000000 + i0.000000
n_sub   = 1.500000 + i0.000000
L       = 1000.000000
h       = 2.000000
coef_h  = 2.000000
lambda  = 632.800000
theta_i = 0.000000
N       = 15
NS      = 10
delta_h = 0.200000
Nstep   = 10
N_x = 256

#------------ Efficacités -------------
somm_eff          =  1.000000e+00
un_moins_somm_eff = -1.609823e-13
somm_eff_R        =  4.000116e-02
somm_eff_T        =  9.599988e-01
eff_R       =  4.155344e-06  3.999285e-02  4.155344e-06 
N_eff_R     = -1.000000e+00  0.000000e+00  1.000000e+00 
theta_eff_R = -3.925700e+01  0.000000e+00  3.925700e+01 
eff_T       =  8.439150e-11  7.298806e-06  9.599842e-01  7.298806e-06  8.439150e-11 
N_eff_T     = -2.000000e+00 -1.000000e+00  0.000000e+00  1.000000e+00  2.000000e+00 
theta_eff_T = -5.753648e+01 -2.495249e+01  0.000000e+00  2.495249e+01  5.753648e+01 
Re_Ai =  0.000000e+00  0.000000e+00  0.000000e+00  0.000000e+00  0.000000e+00  0.000000e+00  0.000000e+00  0.000000e+00  0.000000e+00  0.000000e+00  0.000000e+00  0.000000e+00  0.000000e+00  0.000000e+00  0.000000e+00  1.000000e+00  0.000000e+00  0.000000e+00  0.000000e+00  0.000000e+00  0.000000e+00  0.000000e+00  0.000000e+00  0.000000e+00  0.000000e+00  0.000000e+00  0.000000e+00  0.000000e+00  0.000000e+00  0.000000e+00  0.000000e+00 
Im_Ai =  0.000000e+00  0.000000e+00  0.000000e+00  0.000000e+00  0.000000e+00  0.000000e+00  0.000000e+00  0.000000e+00  0.000000e+00  0.000000e+00  0.000000e+00  0.000000e+00  0.000000e+00  0.000000e+00  0.000000e+00  0.000000e+00  0.000000e+00  0.000000e+00  0.000000e+00  0.000000e+00  0.000000e+00  0.000000e+00  0.000000e+00  0.000000e+00  0.000000e+00  0.000000e+00  0.000000e+00  0.000000e+00  0.000000e+00  0.000000e+00  0.000000e+00 
Re_A0 = -8.099009e-07 -1.237328e-07  2.463804e-06  8.347475e-08  1.727851e-06 -2.591797e-07  3.648127e-06  2.059360e-07  3.138307e-06 -3.424955e-07  6.622282e-06  7.252458e-07  5.427168e-06  8.045161e-06  4.077377e-05 -1.999427e-01  4.077377e-05  8.045161e-06  5.427168e-06  7.252458e-07  6.622282e-06 -3.424955e-07  3.138307e-06  2.059360e-07  3.648127e-06 -2.591797e-07  1.727851e-06  8.347475e-08  2.463804e-06 -1.237328e-07 -8.099009e-07 
Im_A0 = -7.006523e-09  4.231368e-09  2.422632e-08  1.973398e-08  1.646619e-08  2.109178e-08  3.565745e-08  3.379198e-08  3.082105e-08  3.885749e-08  6.621836e-08  6.403330e-08  8.793888e-08 -9.217340e-06 -2.316207e-03 -3.969504e-03 -2.316207e-03 -9.217340e-06  8.793888e-08  6.403330e-08  6.621836e-08  3.885749e-08  3.082105e-08  3.379198e-08  3.565745e-08  2.109178e-08  1.646619e-08  1.973398e-08  2.422632e-08  4.231368e-09 -7.006523e-09 
Re_Ah = -7.987206e-07 -1.170040e-08  2.477438e-06  3.960110e-07  1.741254e-06  6.040964e-08  3.664158e-06  5.439831e-07  3.154944e-06 -1.552675e-08  6.648633e-06  9.973635e-07  5.464137e-06 -3.960705e-06  5.425681e-05  7.997469e-01  5.425681e-05 -3.960705e-06  5.464137e-06  9.973635e-07  6.648633e-06 -1.552675e-08  3.154944e-06  5.439831e-07  3.664158e-06  6.040964e-08  1.741254e-06  3.960110e-07  2.477438e-06 -1.170040e-08 -7.987206e-07 
Im_Ah = -7.831216e-09  5.454459e-09  2.616674e-08  2.295617e-08  1.944117e-08  2.439038e-08  3.883858e-08  3.729141e-08  3.407305e-08  4.228135e-08  6.926188e-08  6.714537e-08  6.535159e-08 -9.440776e-06 -2.316005e-03  1.985771e-02 -2.316005e-03 -9.440776e-06  6.535159e-08  6.714537e-08  6.926188e-08  4.228135e-08  3.407305e-08  3.729141e-08  3.883858e-08  2.439038e-08  1.944117e-08  2.295617e-08  2.616674e-08  5.454459e-09 -7.831216e-09 