#    
#    

#------------ Paramètres ------------
type_calcul : ELLIPSO
Pola    : TM
n_super = 1.000000 + i0.000000
n_sub   = 1.000000 + i0.000000
L       = 5000.000000
h       = 100.000000
coef_h  = 1.000000
lambda  = 632.799988
angle_i = 0.000000
N       = 15
NS      = 100
delta_h = 0.500000
Nstep   = 200
N_x = 256

#------------ Efficacités -------------
somm_eff          =  1.000000e+00
un_moins_somm_eff = -4.662937e-14
somm_eff_R        =  5.753931e-30
somm_eff_T        =  1.000000e+00
eff_R       =  0.000000e+00  0.000000e+00  0.000000e+00  0.000000e+00  0.000000e+00  0.000000e+00  0.000000e+00  5.753931e-30  0.000000e+00  0.000000e+00  0.000000e+00  0.000000e+00  0.000000e+00  0.000000e+00  0.000000e+00 
N_eff_R     = -7.000000e+00 -6.000000e+00 -5.000000e+00 -4.000000e+00 -3.000000e+00 -2.000000e+00 -1.000000e+00  0.000000e+00  1.000000e+00  2.000000e+00  3.000000e+00  4.000000e+00  5.000000e+00  6.000000e+00  7.000000e+00 
theta_eff_R = -6.236495e+01 -4.940781e+01 -3.925700e+01 -3.041370e+01 -2.231386e+01 -1.466221e+01 -7.270853e+00  0.000000e+00  7.270853e+00  1.466221e+01  2.231386e+01  3.041370e+01  3.925700e+01  4.940781e+01  6.236495e+01 
eff_T       =  0.000000e+00  0.000000e+00  0.000000e+00  0.000000e+00  0.000000e+00  0.000000e+00  0.000000e+00  1.000000e+00  0.000000e+00  0.000000e+00  0.000000e+00  0.000000e+00  0.000000e+00  0.000000e+00  0.000000e+00 
N_eff_T     = -7.000000e+00 -6.000000e+00 -5.000000e+00 -4.000000e+00 -3.000000e+00 -2.000000e+00 -1.000000e+00  0.000000e+00  1.000000e+00  2.000000e+00  3.000000e+00  4.000000e+00  5.000000e+00  6.000000e+00  7.000000e+00 
theta_eff_T = -6.236495e+01 -4.940781e+01 -3.925700e+01 -3.041370e+01 -2.231386e+01 -1.466221e+01 -7.270853e+00  0.000000e+00  7.270853e+00  1.466221e+01  2.231386e+01  3.041370e+01  3.925700e+01  4.940781e+01  6.236495e+01 
effR_s  =  0.000000e+00  0.000000e+00  0.000000e+00  0.000000e+00  0.000000e+00  0.000000e+00  0.000000e+00  1.737882e-29  0.000000e+00  0.000000e+00  0.000000e+00  0.000000e+00  0.000000e+00  0.000000e+00  0.000000e+00 
effR_p  =  0.000000e+00  0.000000e+00  0.000000e+00  0.000000e+00  0.000000e+00  0.000000e+00  0.000000e+00  5.753931e-30  0.000000e+00  0.000000e+00  0.000000e+00  0.000000e+00  0.000000e+00  0.000000e+00  0.000000e+00 
delta_s =  0.000000e+00  0.000000e+00  0.000000e+00  0.000000e+00  0.000000e+00  0.000000e+00  0.000000e+00 -1.237901e+02  0.000000e+00  0.000000e+00  0.000000e+00  0.000000e+00  0.000000e+00  0.000000e+00  0.000000e+00 
delta_p =  0.000000e+00  0.000000e+00  0.000000e+00  0.000000e+00  0.000000e+00  0.000000e+00  0.000000e+00 -1.235691e+02  0.000000e+00  0.000000e+00  0.000000e+00  0.000000e+00  0.000000e+00  0.000000e+00  0.000000e+00 
delta   =  0.000000e+00  0.000000e+00  0.000000e+00  0.000000e+00  0.000000e+00  0.000000e+00  0.000000e+00  0.000000e+00  0.000000e+00  0.000000e+00  0.000000e+00  0.000000e+00  0.000000e+00  0.000000e+00  0.000000e+00 