#    
#    

#------------ Paramètres ------------
type_calcul : STD
Pola    : TM
n_super = 1.000000 + i0.000000
n_sub   = 1.500000 + i0.000000
L       = 1500.000000
h       = 192.000000
coef_h  = 1.000000
lambda  = 200.000000
angle_i = 0.000000
N       = 12
NS      = 10
delta_h = 0.133333
Nstep   = 1440
N_x = 1024

#------------ Efficacités -------------
somm_eff          =  1.000000e-00
un_moins_somm_eff =  2.220446e-16
somm_eff_R        =  1.000000e-00
somm_eff_T        =  4.644630e-08
eff_R       =  0.000000e+00  0.000000e+00  0.000000e+00  0.000000e+00  0.000000e+00  0.000000e+00  0.000000e+00  1.000000e-00  0.000000e+00  0.000000e+00  0.000000e+00  0.000000e+00  0.000000e+00  0.000000e+00  0.000000e+00 
N_eff_R     = -7.000000e+00 -6.000000e+00 -5.000000e+00 -4.000000e+00 -3.000000e+00 -2.000000e+00 -1.000000e+00  0.000000e+00  1.000000e+00  2.000000e+00  3.000000e+00  4.000000e+00  5.000000e+00  6.000000e+00  7.000000e+00 
theta_eff_R = -6.896053e+01 -5.313010e+01 -4.181031e+01 -3.223095e+01 -2.357818e+01 -1.546601e+01 -7.662256e+00  0.000000e+00  7.662256e+00  1.546601e+01  2.357818e+01  3.223095e+01  4.181031e+01  5.313010e+01  6.896053e+01 
eff_T       =  0.000000e+00  0.000000e+00  0.000000e+00  0.000000e+00  0.000000e+00  0.000000e+00  0.000000e+00  0.000000e+00  0.000000e+00  0.000000e+00  0.000000e+00  4.644630e-08  0.000000e+00  0.000000e+00  0.000000e+00  0.000000e+00  0.000000e+00  0.000000e+00  0.000000e+00  0.000000e+00  0.000000e+00  0.000000e+00  0.000000e+00 
N_eff_T     = -1.100000e+01 -1.000000e+01 -9.000000e+00 -8.000000e+00 -7.000000e+00 -6.000000e+00 -5.000000e+00 -4.000000e+00 -3.000000e+00 -2.000000e+00 -1.000000e+00  0.000000e+00  1.000000e+00  2.000000e+00  3.000000e+00  4.000000e+00  5.000000e+00  6.000000e+00  7.000000e+00  8.000000e+00  9.000000e+00  1.000000e+01  1.100000e+01 
theta_eff_T = -7.789851e+01 -6.273396e+01 -5.313010e+01 -4.532539e+01 -3.847860e+01 -3.223095e+01 -2.638780e+01 -2.082750e+01 -1.546601e+01 -1.024035e+01 -5.099689e+00  0.000000e+00  5.099689e+00  1.024035e+01  1.546601e+01  2.082750e+01  2.638780e+01  3.223095e+01  3.847860e+01  4.532539e+01  5.313010e+01  6.273396e+01  7.789851e+01 
Re_Ai =  0.000000e+00  0.000000e+00  0.000000e+00  0.000000e+00  0.000000e+00  0.000000e+00  0.000000e+00  0.000000e+00  0.000000e+00  0.000000e+00  0.000000e+00  0.000000e+00  1.000000e+00  0.000000e+00  0.000000e+00  0.000000e+00  0.000000e+00  0.000000e+00  0.000000e+00  0.000000e+00  0.000000e+00  0.000000e+00  0.000000e+00  0.000000e+00  0.000000e+00 
Im_Ai =  0.000000e+00  0.000000e+00  0.000000e+00  0.000000e+00  0.000000e+00  0.000000e+00  0.000000e+00  0.000000e+00  0.000000e+00  0.000000e+00  0.000000e+00  0.000000e+00  0.000000e+00  0.000000e+00  0.000000e+00  0.000000e+00  0.000000e+00  0.000000e+00  0.000000e+00  0.000000e+00  0.000000e+00  0.000000e+00  0.000000e+00  0.000000e+00  0.000000e+00 
Re_A0 =  0.000000e+00  0.000000e+00  0.000000e+00  0.000000e+00  0.000000e+00  0.000000e+00  0.000000e+00  0.000000e+00  0.000000e+00  0.000000e+00  0.000000e+00  0.000000e+00  3.841194e-01  0.000000e+00  0.000000e+00  0.000000e+00  0.000000e+00  0.000000e+00  0.000000e+00  0.000000e+00  0.000000e+00  0.000000e+00  0.000000e+00  0.000000e+00  0.000000e+00 
Im_A0 =  0.000000e+00  0.000000e+00  0.000000e+00  0.000000e+00  0.000000e+00  0.000000e+00  0.000000e+00  0.000000e+00  0.000000e+00  0.000000e+00  0.000000e+00  0.000000e+00  9.232834e-01  0.000000e+00  0.000000e+00  0.000000e+00  0.000000e+00  0.000000e+00  0.000000e+00  0.000000e+00  0.000000e+00  0.000000e+00  0.000000e+00  0.000000e+00  0.000000e+00 
Re_Ah =  0.000000e+00  0.000000e+00  0.000000e+00  0.000000e+00  0.000000e+00  0.000000e+00  0.000000e+00  0.000000e+00  0.000000e+00  0.000000e+00  0.000000e+00  0.000000e+00  2.466633e-04  0.000000e+00  0.000000e+00  0.000000e+00  0.000000e+00  0.000000e+00  0.000000e+00  0.000000e+00  0.000000e+00  0.000000e+00  0.000000e+00  0.000000e+00  0.000000e+00 
Im_Ah =  0.000000e+00  0.000000e+00  0.000000e+00  0.000000e+00  0.000000e+00  0.000000e+00  0.000000e+00  0.000000e+00  0.000000e+00  0.000000e+00  0.000000e+00  0.000000e+00 -9.395034e-05  0.000000e+00  0.000000e+00  0.000000e+00  0.000000e+00  0.000000e+00  0.000000e+00  0.000000e+00  0.000000e+00  0.000000e+00  0.000000e+00  0.000000e+00  0.000000e+00 