#    
#    

#------------ Paramètres ------------
type_calcul : STD
Pola    : TM
n_super = 1.000000 + i0.000000
n_sub   = 1.500000 + i0.000000
L       = 1500.000000
h       = 1.000000
coef_h  = 1.000000
lambda  = 200.000000
angle_i = 0.000000
N       = 12
NS      = 10
delta_h = 0.100000
Nstep   = 10
N_x = 256

#------------ Efficacités -------------
somm_eff          =  1.000000e+00
un_moins_somm_eff = -4.005494e-08
somm_eff_R        =  4.156825e-02
somm_eff_T        =  9.584318e-01
eff_R       =  4.139222e-10  3.359390e-11  2.766978e-11  1.107460e-09  1.863902e-09  7.378115e-09  1.024242e-05  4.154774e-02  1.024242e-05  7.378115e-09  1.863901e-09  1.107460e-09  2.766978e-11  3.359390e-11  4.139221e-10 
N_eff_R     = -7.000000e+00 -6.000000e+00 -5.000000e+00 -4.000000e+00 -3.000000e+00 -2.000000e+00 -1.000000e+00  0.000000e+00  1.000000e+00  2.000000e+00  3.000000e+00  4.000000e+00  5.000000e+00  6.000000e+00  7.000000e+00 
theta_eff_R = -6.896053e+01 -5.313010e+01 -4.181031e+01 -3.223095e+01 -2.357818e+01 -1.546601e+01 -7.662256e+00  0.000000e+00  7.662256e+00  1.546601e+01  2.357818e+01  3.223095e+01  4.181031e+01  5.313010e+01  6.896053e+01 
eff_T       =  5.750582e-10  2.005579e-10  3.077610e-09  1.449687e-10  2.868597e-10  3.351762e-11  3.251871e-11  1.508474e-09  2.715042e-09  7.500799e-09  1.528940e-05  9.584012e-01  1.528940e-05  7.500799e-09  2.715042e-09  1.508474e-09  3.251872e-11  3.351762e-11  2.868597e-10  1.449687e-10  3.077610e-09  2.005579e-10  5.750571e-10 
N_eff_T     = -1.100000e+01 -1.000000e+01 -9.000000e+00 -8.000000e+00 -7.000000e+00 -6.000000e+00 -5.000000e+00 -4.000000e+00 -3.000000e+00 -2.000000e+00 -1.000000e+00  0.000000e+00  1.000000e+00  2.000000e+00  3.000000e+00  4.000000e+00  5.000000e+00  6.000000e+00  7.000000e+00  8.000000e+00  9.000000e+00  1.000000e+01  1.100000e+01 
theta_eff_T = -7.789851e+01 -6.273396e+01 -5.313010e+01 -4.532539e+01 -3.847860e+01 -3.223095e+01 -2.638780e+01 -2.082750e+01 -1.546601e+01 -1.024035e+01 -5.099689e+00  0.000000e+00  5.099689e+00  1.024035e+01  1.546601e+01  2.082750e+01  2.638780e+01  3.223095e+01  3.847860e+01  4.532539e+01  5.313010e+01  6.273396e+01  7.789851e+01 
Re_Ai =  0.000000e+00  0.000000e+00  0.000000e+00  0.000000e+00  0.000000e+00  0.000000e+00  0.000000e+00  0.000000e+00  0.000000e+00  0.000000e+00  0.000000e+00  0.000000e+00  1.000000e+00  0.000000e+00  0.000000e+00  0.000000e+00  0.000000e+00  0.000000e+00  0.000000e+00  0.000000e+00  0.000000e+00  0.000000e+00  0.000000e+00  0.000000e+00  0.000000e+00 
Im_Ai =  0.000000e+00  0.000000e+00  0.000000e+00  0.000000e+00  0.000000e+00  0.000000e+00  0.000000e+00  0.000000e+00  0.000000e+00  0.000000e+00  0.000000e+00  0.000000e+00  0.000000e+00  0.000000e+00  0.000000e+00  0.000000e+00  0.000000e+00  0.000000e+00  0.000000e+00  0.000000e+00  0.000000e+00  0.000000e+00  0.000000e+00  0.000000e+00  0.000000e+00 
Re_A0 = -1.617850e-07 -8.862739e-06  9.274568e-06 -4.913098e-05  1.366377e-05 -8.218151e-08 -1.802901e-06 -1.587174e-06 -6.666064e-07 -8.362549e-07  5.052485e-05  1.596156e-04  2.000218e-01  1.596156e-04  5.052485e-05 -8.362549e-07 -6.666066e-07 -1.587174e-06 -1.802902e-06 -8.217924e-08  1.366377e-05 -4.913098e-05  9.274567e-06 -8.862728e-06 -1.620450e-07 
Im_A0 =  4.811152e-06 -9.672731e-08  6.041052e-06 -2.819862e-05  2.683509e-05 -3.395504e-05 -7.262188e-06 -5.882498e-06 -3.617674e-05  4.508862e-05 -7.143222e-05  3.210797e-03  3.923014e-02  3.210797e-03 -7.143222e-05  4.508862e-05 -3.617674e-05 -5.882498e-06 -7.262188e-06 -3.395504e-05  2.683509e-05 -2.819862e-05  6.041050e-06 -9.675160e-08  4.813853e-06 
Re_Ah =  1.470382e-06 -7.613985e-06  1.113250e-05 -4.640785e-05  1.549124e-05  1.639952e-06  2.327173e-07  6.324445e-07  1.677415e-06 -1.397532e-06 -2.286026e-05 -2.124268e-04  1.198993e+00 -2.124268e-04 -2.286026e-05 -1.397532e-06  1.677414e-06  6.324449e-07  2.327165e-07  1.639954e-06  1.549125e-05 -4.640785e-05  1.113250e-05 -7.613971e-06  1.472310e-06 
Im_Ah = -1.527427e-05  6.369113e-05 -2.308117e-05  7.443344e-05 -8.325131e-06  2.338722e-05  7.705901e-06  7.351978e-06  4.917409e-05 -6.498941e-05  1.044545e-04 -4.793758e-03 -4.207922e-03 -4.793758e-03  1.044545e-04 -6.498941e-05  4.917409e-05  7.351979e-06  7.705901e-06  2.338722e-05 -8.325127e-06  7.443343e-05 -2.308117e-05  6.369107e-05 -1.529429e-05 