  FILMTYPE: 0
  FILMNAME: Thermal oxide
  ABBREV: Ox
  T_N_K: 19.988817 1.4579999 0
  ANISOTROPY: 1
  SCATTER: 0 0.1 0.1
  DESCRIPTION: 1 2
  CAUCHY_N= 1.451 317410 0 0 0
  N_POWERS= 0 -2 -4 -6 -8 0
  CAUCHY_K= 1 0 0 0 0
  K_POWERS= 0 -2 -4 -6 -8 0
  EFFECTIVE_MED: No
  LOOKUP: Yes
    NPOINTS: 253
      190 1.5389167 0
      192.5 1.5366478 0
      195 1.5344656 0
      197.5 1.5323658 0
      200 1.5303441 0
      202.5 1.528397 0
      205 1.5265205 0
      207.5 1.5247115 0
      210 1.5229667 0
      212.5 1.5212831 0
      215 1.519658 0
      217.5 1.5180885 0
      220 1.5165722 0
      222.5 1.5151068 0
      225 1.5136899 0
      227.5 1.5123196 0
      230 1.5109936 0
      232.5 1.5097102 0
      235 1.5084676 0
      237.5 1.5072639 0
      240 1.5060977 0
      242.5 1.5049673 0
      245 1.5038714 0
      247.5 1.5028085 0
      250 1.5017773 0
      252.5 1.5007766 0
      255 1.4998053 0
      257.5 1.498862 0
      260 1.4979459 0
      262.5 1.4970558 0
      265 1.4961908 0
      267.5 1.4953499 0
      270 1.4945322 0
      272.5 1.493737 0
      275 1.4929633 0
      277.5 1.4922105 0
      280 1.4914777 0
      282.5 1.4907644 0
      285 1.4900697 0
      287.5 1.4893931 0
      290 1.4887339 0
      292.5 1.4880915 0
      295 1.4874653 0
      297.5 1.4868549 0
      300 1.4862597 0
      302.5 1.4856791 0
      305 1.4851128 0
      307.5 1.4845603 0
      310 1.4840209 0
      312.5 1.4834946 0
      315 1.4829807 0
      317.5 1.482479 0
      320 1.4819889 0
      322.5 1.4815103 0
      325 1.4810425 0
      327.5 1.4805855 0
      330 1.4801388 0
      332.5 1.4797021 0
      335 1.4792752 0
      337.5 1.4788578 0
      340 1.4784495 0
      342.5 1.4780501 0
      345 1.4776593 0
      347.5 1.477277 0
      350 1.4769028 0
      352.5 1.4765366 0
      355 1.4761782 0
      357.5 1.4758271 0
      360 1.4754834 0
      362.5 1.4751468 0
      365 1.4748169 0
      367.5 1.474494 0
      370 1.4741774 0
      372.5 1.4738672 0
      375 1.4735632 0
      377.5 1.4732653 0
      380 1.4729732 0
      382.5 1.4726868 0
      385 1.4724059 0
      387.5 1.4721305 0
      390 1.4718604 0
      392.5 1.4715954 0
      395 1.4713354 0
      397.5 1.4710803 0
      400 1.47083 0
      402.5 1.4705843 0
      405 1.4703432 0
      407.5 1.4701065 0
      410 1.469874 0
      412.5 1.4696459 0
      415 1.4694219 0
      417.5 1.4692018 0
      420 1.4689857 0
      422.5 1.4687735 0
      425 1.4685649 0
      427.5 1.4683599 0
      430 1.4681586 0
      432.5 1.4679607 0
      435 1.4677662 0
      437.5 1.4675751 0
      440 1.4673871 0
      442.5 1.4672024 0
      445 1.4670208 0
      447.5 1.4668422 0
      450 1.4666666 0
      452.5 1.4664938 0
      455 1.466324 0
      457.5 1.4661568 0
      460 1.4659925 0
      462.5 1.4658307 0
      465 1.4656717 0
      467.5 1.465515 0
      470 1.4653609 0
      472.5 1.4652092 0
      475 1.46506 0
      477.5 1.4649131 0
      480 1.4647684 0
      482.5 1.4646261 0
      485 1.4644859 0
      487.5 1.4643478 0
      490 1.4642119 0
      492.5 1.4640781 0
      495 1.4639462 0
      497.5 1.4638163 0
      500 1.4636884 0
      502.5 1.4635624 0
      505 1.4634383 0
      507.5 1.4633158 0
      510 1.4631953 0
      512.5 1.4630766 0
      515 1.4629595 0
      517.5 1.4628443 0
      520 1.4627305 0
      522.5 1.4626185 0
      525 1.462508 0
      527.5 1.4623991 0
      530 1.4622917 0
      532.5 1.4621859 0
      535 1.4620816 0
      537.5 1.4619786 0
      540 1.4618771 0
      542.5 1.461777 0
      545 1.4616783 0
      547.5 1.4615809 0
      550 1.4614849 0
      552.5 1.4613901 0
      555 1.4612967 0
      557.5 1.4612044 0
      560 1.4611135 0
      562.5 1.4610237 0
      565 1.4609351 0
      567.5 1.4608477 0
      570 1.4607614 0
      572.5 1.4606763 0
      575 1.4605923 0
      577.5 1.4605093 0
      580 1.4604275 0
      582.5 1.4603467 0
      585 1.4602668 0
      587.5 1.4601882 0
      590 1.4601103 0
      592.5 1.4600335 0
      595 1.4599577 0
      597.5 1.4598829 0
      600 1.4598089 0
      602.5 1.4597359 0
      605 1.4596637 0
      607.5 1.4595926 0
      610 1.4595222 0
      612.5 1.4594527 0
      615 1.4593841 0
      617.5 1.4593163 0
      620 1.4592493 0
      622.5 1.4591831 0
      625 1.4591177 0
      627.5 1.459053 0
      630 1.4589893 0
      632.5 1.4589261 0
      635 1.4588637 0
      637.5 1.4588021 0
      640 1.4587413 0
      642.5 1.4586811 0
      645 1.4586216 0
      647.5 1.4585627 0
      650 1.4585047 0
      652.5 1.4584472 0
      655 1.4583904 0
      657.5 1.4583342 0
      660 1.4582788 0
      662.5 1.4582238 0
      665 1.4581696 0
      667.5 1.4581159 0
      670 1.4580629 0
      672.5 1.4580103 0
      675 1.4579585 0
      677.5 1.4579072 0
      680 1.4578564 0
      682.5 1.4578062 0
      685 1.4577565 0
      687.5 1.4577074 0
      690 1.4576589 0
      692.5 1.4576108 0
      695 1.4575633 0
      697.5 1.4575163 0
      700 1.4574697 0
      702.5 1.4574237 0
      705 1.4573781 0
      707.5 1.4573331 0
      710 1.4572885 0
      712.5 1.4572444 0
      715 1.4572008 0
      717.5 1.4571576 0
      720 1.4571148 0
      722.5 1.4570726 0
      725 1.4570307 0
      727.5 1.4569893 0
      730 1.4569483 0
      732.5 1.4569076 0
      735 1.4568675 0
      737.5 1.4568278 0
      740 1.4567884 0
      742.5 1.4567494 0
      745 1.4567108 0
      747.5 1.4566727 0
      750 1.4566349 0
      752.5 1.4565974 0
      755 1.4565604 0
      757.5 1.4565237 0
      760 1.4564873 0
      762.5 1.4564513 0
      765 1.4564158 0
      767.5 1.4563805 0
      770 1.4563456 0
      772.5 1.4563109 0
      775 1.4562767 0
      777.5 1.4562427 0
      780 1.4562091 0
      782.5 1.4561758 0
      785 1.4561429 0
      787.5 1.4561102 0
      790 1.4560778 0
      792.5 1.4560459 0
      795 1.4560142 0
      797.5 1.4559827 0
      800 1.4559516 0
      802.5 1.4559207 0
      805 1.4558901 0
      807.5 1.4558598 0
      810 1.4558299 0
      812.5 1.4558001 0
      815 1.4557706 0
      817.5 1.4557414 0
      820 1.4557126 0
  CRITICAL_PNT: No
  ALLOY: No
  GRADED_MED: No
