#    
#    

#------------ Paramètres ------------
type_calcul : ELLIPSO
Pola    : TM
n_super = 1.000000 + i0.000000
n_sub   = 1.500000 + i0.000000
L       = 30.100000
h       = 1.000000
coef_h  = 1.000000
lambda  = 1.000000
angle_i = 0.000000
N       = 70
NS      = 25
delta_h = 0.000199
Nstep   = 5025
N_x = 256

#------------ Efficacités -------------
somm_eff          =  1.000000e-00
un_moins_somm_eff =  1.222944e-10
somm_eff_R        =  2.041859e-02
somm_eff_T        =  9.795814e-01
eff_R       =  1.007969e-05  1.247557e-04  1.598543e-04  7.374492e-05  2.016721e-05  1.330329e-04  3.306992e-04  3.299731e-04  6.796191e-04  4.700761e-04  1.056364e-04  4.893195e-04  6.340037e-05  2.516168e-04  1.158594e-04  5.081812e-04  3.234721e-04  3.537275e-04  1.484349e-04  2.979294e-04  8.535932e-04  9.553954e-05  3.733506e-04  8.234328e-04  4.743048e-04  9.003075e-05  1.900258e-04  2.238828e-04  3.851415e-06  2.430375e-04  3.218763e-03  5.804984e-04  2.670435e-04  5.015746e-04  7.629377e-05  2.948658e-04  5.205358e-05  2.194932e-04  8.552664e-04  4.979969e-04  3.390680e-04  7.579963e-04  2.670970e-04  4.259965e-04  9.838706e-05  3.370697e-05  5.383437e-04  3.032225e-04  1.679952e-05  5.272982e-04  3.190575e-04  2.581019e-04  2.703490e-04  3.031030e-04  1.892563e-04  4.130017e-04  6.873992e-05  2.073364e-04  6.762479e-05  8.422539e-05  5.396522e-06 
N_eff_R     = -3.000000e+01 -2.900000e+01 -2.800000e+01 -2.700000e+01 -2.600000e+01 -2.500000e+01 -2.400000e+01 -2.300000e+01 -2.200000e+01 -2.100000e+01 -2.000000e+01 -1.900000e+01 -1.800000e+01 -1.700000e+01 -1.600000e+01 -1.500000e+01 -1.400000e+01 -1.300000e+01 -1.200000e+01 -1.100000e+01 -1.000000e+01 -9.000000e+00 -8.000000e+00 -7.000000e+00 -6.000000e+00 -5.000000e+00 -4.000000e+00 -3.000000e+00 -2.000000e+00 -1.000000e+00  0.000000e+00  1.000000e+00  2.000000e+00  3.000000e+00  4.000000e+00  5.000000e+00  6.000000e+00  7.000000e+00  8.000000e+00  9.000000e+00  1.000000e+01  1.100000e+01  1.200000e+01  1.300000e+01  1.400000e+01  1.500000e+01  1.600000e+01  1.700000e+01  1.800000e+01  1.900000e+01  2.000000e+01  2.100000e+01  2.200000e+01  2.300000e+01  2.400000e+01  2.500000e+01  2.600000e+01  2.700000e+01  2.800000e+01  2.900000e+01  3.000000e+01 
theta_eff_R = -8.532829e+01 -7.446246e+01 -6.847109e+01 -6.376778e+01 -5.974453e+01 -5.615680e+01 -5.287704e+01 -4.982873e+01 -4.696165e+01 -4.424072e+01 -4.164028e+01 -3.914087e+01 -3.672727e+01 -3.438730e+01 -3.211102e+01 -2.989016e+01 -2.771775e+01 -2.558780e+01 -2.349513e+01 -2.143519e+01 -1.940393e+01 -1.739775e+01 -1.541335e+01 -1.344773e+01 -1.149811e+01 -9.561894e+00 -7.636647e+00 -5.720040e+00 -3.809835e+00 -1.903865e+00  0.000000e+00  1.903865e+00  3.809835e+00  5.720040e+00  7.636647e+00  9.561894e+00  1.149811e+01  1.344773e+01  1.541335e+01  1.739775e+01  1.940393e+01  2.143519e+01  2.349513e+01  2.558780e+01  2.771775e+01  2.989016e+01  3.211102e+01  3.438730e+01  3.672727e+01  3.914087e+01  4.164028e+01  4.424072e+01  4.696165e+01  4.982873e+01  5.287704e+01  5.615680e+01  5.974453e+01  6.376778e+01  6.847109e+01  7.446246e+01  8.532829e+01 
eff_T       =  2.290088e-05  2.309448e-05  2.474208e-06  5.932382e-06  2.257802e-05  6.103830e-05  5.753580e-04  1.257854e-04  1.584063e-05  8.522654e-05  3.140532e-05  1.587931e-05  1.664571e-04  8.029535e-05  4.576924e-06  1.029119e-04  2.026279e-04  6.489578e-05  1.023028e-04  1.502553e-04  1.033704e-04  6.133292e-05  1.146770e-04  2.301739e-06  4.304969e-05  5.949056e-05  4.097285e-04  1.757199e-05  2.664709e-04  8.604157e-04  3.195208e-04  5.532148e-06  2.821458e-04  4.689437e-04  4.122865e-04  4.042562e-05  1.885292e-03  6.842387e-04  1.105524e-05  2.821114e-04  4.299501e-05  1.736429e-04  2.502634e-04  4.092567e-04  1.827499e-04  9.605522e-01  1.696555e-04  3.767999e-04  4.206490e-04  1.983993e-04  1.873667e-05  2.704435e-04  1.511760e-05  4.630223e-04  1.962879e-03  3.568103e-05  4.275548e-04  4.869348e-04  2.477071e-04  5.697481e-06  2.367338e-04  9.858278e-04  2.146889e-04  3.539704e-06  5.075257e-04  1.091213e-04  1.357286e-05  4.231382e-05  3.815911e-04  5.795188e-05  1.671145e-04  2.020680e-04  1.652439e-04  6.431681e-05  2.044540e-04  3.865029e-04  7.732822e-05  7.091840e-05  1.703511e-05  6.330792e-05  1.318665e-06  9.625099e-05  3.382349e-05  1.080940e-04  2.042316e-04  7.997806e-05  9.400371e-07  8.098090e-05  9.137110e-05  9.342547e-06  1.731110e-06 
N_eff_T     = -4.500000e+01 -4.400000e+01 -4.300000e+01 -4.200000e+01 -4.100000e+01 -4.000000e+01 -3.900000e+01 -3.800000e+01 -3.700000e+01 -3.600000e+01 -3.500000e+01 -3.400000e+01 -3.300000e+01 -3.200000e+01 -3.100000e+01 -3.000000e+01 -2.900000e+01 -2.800000e+01 -2.700000e+01 -2.600000e+01 -2.500000e+01 -2.400000e+01 -2.300000e+01 -2.200000e+01 -2.100000e+01 -2.000000e+01 -1.900000e+01 -1.800000e+01 -1.700000e+01 -1.600000e+01 -1.500000e+01 -1.400000e+01 -1.300000e+01 -1.200000e+01 -1.100000e+01 -1.000000e+01 -9.000000e+00 -8.000000e+00 -7.000000e+00 -6.000000e+00 -5.000000e+00 -4.000000e+00 -3.000000e+00 -2.000000e+00 -1.000000e+00  0.000000e+00  1.000000e+00  2.000000e+00  3.000000e+00  4.000000e+00  5.000000e+00  6.000000e+00  7.000000e+00  8.000000e+00  9.000000e+00  1.000000e+01  1.100000e+01  1.200000e+01  1.300000e+01  1.400000e+01  1.500000e+01  1.600000e+01  1.700000e+01  1.800000e+01  1.900000e+01  2.000000e+01  2.100000e+01  2.200000e+01  2.300000e+01  2.400000e+01  2.500000e+01  2.600000e+01  2.700000e+01  2.800000e+01  2.900000e+01  3.000000e+01  3.100000e+01  3.200000e+01  3.300000e+01  3.400000e+01  3.500000e+01  3.600000e+01  3.700000e+01  3.800000e+01  3.900000e+01  4.000000e+01  4.100000e+01  4.200000e+01  4.300000e+01  4.400000e+01  4.500000e+01 
theta_eff_T = -8.532829e+01 -7.704063e+01 -7.224721e+01 -6.847109e+01 -6.524192e+01 -6.236690e+01 -5.974453e+01 -5.731360e+01 -5.503383e+01 -5.287704e+01 -5.082261e+01 -4.885487e+01 -4.696165e+01 -4.513319e+01 -4.336159e+01 -4.164028e+01 -3.996380e+01 -3.832746e+01 -3.672727e+01 -3.515976e+01 -3.362190e+01 -3.211102e+01 -3.062474e+01 -2.916095e+01 -2.771775e+01 -2.629340e+01 -2.488634e+01 -2.349513e+01 -2.211846e+01 -2.075510e+01 -1.940393e+01 -1.806390e+01 -1.673402e+01 -1.541335e+01 -1.410102e+01 -1.279621e+01 -1.149811e+01 -1.020596e+01 -8.919044e+00 -7.636647e+00 -6.358089e+00 -5.082702e+00 -3.809835e+00 -2.538850e+00 -1.269113e+00  0.000000e+00  1.269113e+00  2.538850e+00  3.809835e+00  5.082702e+00  6.358089e+00  7.636647e+00  8.919044e+00  1.020596e+01  1.149811e+01  1.279621e+01  1.410102e+01  1.541335e+01  1.673402e+01  1.806390e+01  1.940393e+01  2.075510e+01  2.211846e+01  2.349513e+01  2.488634e+01  2.629340e+01  2.771775e+01  2.916095e+01  3.062474e+01  3.211102e+01  3.362190e+01  3.515976e+01  3.672727e+01  3.832746e+01  3.996380e+01  4.164028e+01  4.336159e+01  4.513319e+01  4.696165e+01  4.885487e+01  5.082261e+01  5.287704e+01  5.503383e+01  5.731360e+01  5.974453e+01  6.236690e+01  6.524192e+01  6.847109e+01  7.224721e+01  7.704063e+01  8.532829e+01 
effR_s  =  3.733273e-06  1.757076e-04  4.088846e-04  1.503708e-04  3.637191e-05  4.549695e-04  4.811753e-04  7.054758e-04  7.699444e-04  6.959082e-04  1.968446e-04  5.172791e-04  6.446633e-05  5.086641e-04  8.916801e-05  6.621374e-04  4.724522e-04  4.029975e-04  1.227016e-04  3.075275e-04  9.076048e-04  1.028710e-04  3.460358e-04  8.376988e-04  3.643595e-04  6.913951e-05  1.490974e-04  2.596451e-04  8.882689e-06  3.124080e-04  3.937263e-03  5.835072e-04  2.563157e-04  8.189992e-04  6.866842e-05  2.999247e-04  4.030749e-05  2.494183e-04  9.082861e-04  5.810170e-04  4.469003e-04  1.161467e-03  3.008819e-04  4.381491e-04  5.342217e-05  6.214689e-05  5.755861e-04  3.086777e-04  5.939134e-05  6.965514e-04  4.108923e-04  4.694775e-04  5.427645e-04  3.044702e-04  3.843630e-04  7.235195e-04  2.179944e-04  3.369909e-04  1.517608e-04  2.838485e-05  6.865669e-05 
effR_p  =  1.007969e-05  1.247557e-04  1.598543e-04  7.374492e-05  2.016721e-05  1.330329e-04  3.306992e-04  3.299731e-04  6.796191e-04  4.700761e-04  1.056364e-04  4.893195e-04  6.340037e-05  2.516168e-04  1.158594e-04  5.081812e-04  3.234721e-04  3.537275e-04  1.484349e-04  2.979294e-04  8.535932e-04  9.553954e-05  3.733506e-04  8.234328e-04  4.743048e-04  9.003075e-05  1.900258e-04  2.238828e-04  3.851415e-06  2.430375e-04  3.218763e-03  5.804984e-04  2.670435e-04  5.015746e-04  7.629377e-05  2.948658e-04  5.205358e-05  2.194932e-04  8.552664e-04  4.979969e-04  3.390680e-04  7.579963e-04  2.670970e-04  4.259965e-04  9.838706e-05  3.370697e-05  5.383437e-04  3.032225e-04  1.679952e-05  5.272982e-04  3.190575e-04  2.581019e-04  2.703490e-04  3.031030e-04  1.892563e-04  4.130017e-04  6.873992e-05  2.073364e-04  6.762479e-05  8.422539e-05  5.396522e-06 
delta_s = -1.004640e+02  8.795164e+01  9.760381e+01 -1.611220e+02  1.205330e+02  1.213456e+02 -8.725343e+01 -9.782397e+01  1.670645e+00  1.408276e+02  7.845571e+01  9.950231e+01 -1.189255e+01  2.306317e+01  1.693109e+02  1.404705e+02 -1.504049e+01  1.345257e+02 -5.428879e+01 -1.098599e+02 -1.013881e+02  6.476815e+00  2.431222e+01  7.483116e+00 -4.677606e+01  1.528033e+02  1.793703e+02 -1.713387e+02 -6.524436e+01  7.616858e+01  1.096837e+02 -9.485620e+01  8.881242e+01  1.486062e+02  8.377466e+01  4.131066e+01  1.730337e+02 -1.988604e+01 -1.215172e+02  1.369295e+02 -2.635353e+01  9.464585e+01 -3.039337e+01 -7.211642e+01 -8.928551e+00 -1.318465e+02  7.910902e+01  1.244006e+02 -9.940178e+01 -9.403491e+00 -1.689222e+01  1.764910e+02 -8.829341e+01  4.672336e+01 -1.120772e+02  1.444789e+02  3.129141e+01 -1.417335e+02  1.569222e+02 -1.746107e+02  3.953817e+01 
delta_p = -1.045561e+02 -8.345595e+01 -9.135604e+01  3.161855e+01 -6.133710e+01 -4.339865e+01  8.489867e+01  7.865126e+01 -1.771310e+02 -3.260400e+01 -1.074471e+02 -9.091951e+01  1.611377e+02 -1.577482e+02 -2.012448e+01 -5.001600e+01  1.685335e+02 -4.842609e+01  1.144455e+02  7.487241e+01  7.897534e+01 -1.652808e+02 -1.598638e+02  1.739997e+02  1.407329e+02 -4.485140e+01 -6.185936e+00  7.043478e+00  9.673827e+01 -1.078270e+02 -6.917055e+01  7.592691e+01 -9.453610e+01 -3.083800e+01 -1.329333e+02 -1.381515e+02  5.387516e+00  1.583360e+02  4.933690e+01 -4.295989e+01  1.360946e+02 -8.471417e+01  1.426677e+02  1.012681e+02  1.750646e+02  4.937964e+01 -1.046660e+02 -4.776114e+01  1.015912e+02  1.715452e+02  1.643470e+02 -1.458141e+01  1.003446e+02 -1.256728e+02  6.483704e+01 -3.682072e+01 -1.563996e+02  2.440341e+01 -5.270741e+00  2.124978e+01 -1.535233e+02 
delta   =  0.000000e+00  0.000000e+00  0.000000e+00  1.800000e+02  1.800000e+02  1.800000e+02  0.000000e+00  1.800000e+02 -1.800000e+02  1.800000e+02 -1.800000e+02  0.000000e+00 -1.800000e+02 -1.800000e+02  1.800000e+02  1.800000e+02 -1.800000e+02  1.800000e+02 -1.800000e+02  1.800000e+02  1.800000e+02 -1.800000e+02 -1.800000e+02 -1.800000e+02 -1.800000e+02  1.800000e+02  1.800000e+02  1.800000e+02 -1.800000e+02 -1.800000e+02  1.800000e+02  1.800000e+02 -1.800000e+02  1.800000e+02 -1.800000e+02 -1.800000e+02  1.800000e+02 -1.800000e+02  1.800000e+02  1.800000e+02 -1.800000e+02  1.800000e+02 -1.800000e+02 -1.800000e+02 -1.800000e+02  1.800000e+02 -1.800000e+02  1.800000e+02  0.000000e+00 -1.800000e+02 -1.800000e+02  1.800000e+02 -1.800000e+02 -1.800000e+02  1.800000e+02  1.800000e+02 -1.800000e+02  1.800000e+02  1.800000e+02  1.800000e+02 -1.800000e+02 