# Created by script_2methods_PlanInterfaceTest.sh
# name: F
# type: matrix
# rows: 2
# columns: 201
-3.411118e-04
 2.432673e-04
-4.570000e-04
 6.566040e-05
-1.210104e-04
-5.575393e-05
 1.732751e-04
-1.875386e-04
-2.138025e-04
 1.029335e-04
 6.975503e-05
 1.607169e-05
-3.015831e-04
 5.163273e-05
 2.508834e-04
 1.491575e-04
-4.814489e-07
-2.233440e-04
 8.204531e-05
 9.362980e-05
 6.172546e-05
-1.551385e-04
 2.640016e-04
-3.887601e-04
-2.742362e-04
-3.773839e-04
 1.592868e-04
 9.165831e-05
 1.339936e-04
 3.794444e-04
 1.486996e-04
 4.426743e-04
 2.312890e-04
-5.069718e-04
-3.566070e-04
 3.861521e-04
 1.556097e-04
 3.052532e-04
 1.001300e-04
-4.428237e-04
-4.800892e-04
-9.520205e-05
-4.522781e-04
 3.369821e-04
 5.174974e-04
 9.221359e-05
 2.498112e-04
-2.316747e-04
-6.959329e-05
-3.781693e-05
 3.127774e-04
 6.548041e-05
-1.110970e-04
 5.215889e-04
-2.653083e-04
-1.847855e-05
 4.444564e-04
 5.049401e-04
 3.565205e-05
 6.292476e-04
 2.587780e-04
 6.084036e-04
 2.252742e-04
 2.687522e-04
-1.726942e-04
 2.398741e-04
 1.058701e-04
 1.195655e-03
-4.308368e-04
-8.070537e-04
 2.007352e-03
 3.167013e-03
-1.226473e-04
 2.831006e-03
 1.556829e-05
 8.525148e-04
 2.185198e-03
 2.472562e-03
-4.375186e-04
 2.787677e-03
-1.080272e-04
 2.185588e-03
-4.918573e-04
-2.088749e-03
 4.482460e-04
 1.689051e-03
-1.160652e-03
 4.479854e-03
-1.008053e-03
-1.158198e-03
-1.933461e-03
 3.973510e-03
 6.153295e-06
-2.043112e-03
-1.672600e-03
 2.738375e-03
-3.057272e-03
-2.139631e-03
 5.688621e-03
 7.751625e-03
 1.781430e-01
-5.936848e-03
-8.338179e-03
-1.902929e-04
-2.336319e-03
 2.101216e-03
 5.716630e-03
 3.475281e-04
-1.469457e-03
 9.261784e-04
 4.118025e-03
 3.125850e-04
-5.313837e-04
-1.303344e-03
-1.400843e-03
 2.038623e-04
-2.239559e-03
 5.542070e-03
-2.786975e-05
-3.341656e-03
-1.942908e-03
-2.329797e-03
 1.528687e-03
-2.788449e-03
-3.076668e-03
 2.736849e-03
-1.964361e-03
 9.270592e-04
-2.257817e-03
-1.234356e-03
-1.069491e-03
 8.195223e-04
 9.219812e-04
 1.000922e-03
 5.413283e-04
 1.393839e-04
 3.359011e-04
 5.073605e-04
-1.849707e-04
-5.734618e-04
-3.337965e-04
-8.974957e-04
-1.168994e-04
-1.572305e-04
-3.872431e-04
 1.002684e-04
 2.615896e-04
-4.975892e-04
 5.005975e-04
-2.450067e-04
-1.666831e-04
-1.490367e-04
 7.853232e-05
 8.789588e-05
-3.094212e-04
 2.033354e-05
-6.307547e-04
-3.242798e-04
 1.798055e-04
 1.231822e-04
 5.195892e-04
 3.385698e-04
 7.103762e-05
-2.023719e-04
-2.806972e-04
-3.977122e-04
 3.717634e-04
 3.937164e-04
-1.983882e-04
-3.873364e-04
-7.149866e-05
-2.398144e-04
-1.363596e-04
-2.948841e-04
-6.550701e-05
 4.330894e-04
 2.120575e-04
 3.200762e-04
-5.821378e-04
 2.638698e-05
-6.650886e-05
-5.057498e-06
-2.753047e-04
 3.006200e-04
 2.890812e-05
-1.709105e-05
-1.312038e-04
-5.119289e-05
 3.310544e-04
 9.792027e-05
-1.012207e-04
-1.401986e-04
 2.078869e-04
 2.230147e-04
-1.210858e-04
 8.458708e-05
 7.738791e-05
-1.176684e-04
 4.106367e-04
-1.976308e-04
 3.676234e-04
-2.780210e-04
-1.033305e-04
 6.158335e-05
 3.036600e-04
 1.223363e-04
-1.712439e-04
-2.159684e-04
-1.709212e-04
 1.550641e-04
 2.077214e-04
-5.650659e-05
-2.795215e-04
-1.573833e-04
 1.419226e-04
-2.344020e-04
-3.270236e-04
-1.586428e-05
-8.186659e-05
 6.273306e-04
-2.055447e-04
-7.621626e-06
 3.151609e-04
 7.276691e-04
 7.257184e-05
-5.700277e-05
-2.797834e-04
-8.433002e-05
 6.943599e-04
 1.871000e-04
-3.151176e-04
-1.037758e-04
-1.455922e-04
 2.213124e-05
 3.850209e-04
 8.999540e-06
 2.199874e-04
 3.495558e-04
-1.842419e-04
-4.251462e-04
-7.717909e-05
-3.703837e-04
 2.603875e-04
 9.575069e-04
 1.791881e-04
 1.832679e-04
-3.931521e-04
 1.074603e-04
 3.179908e-04
 2.240227e-04
 5.496512e-04
-3.384211e-04
 3.733769e-04
-7.786035e-04
 6.180215e-05
 1.773723e-04
-3.271078e-04
-5.210762e-05
-5.747030e-04
 7.729731e-04
 8.514974e-04
 2.359991e-04
-8.679587e-05
-1.356252e-04
 4.618525e-04
 5.487172e-04
-6.168696e-05
 4.450210e-04
 6.490666e-04
 7.535337e-04
 8.733186e-04
-9.959726e-04
-8.941832e-04
-2.842910e-03
 4.487865e-03
-2.571539e-03
-6.322747e-03
 3.178021e-03
 1.600633e-03
-2.575650e-03
 1.287755e-03
 3.208229e-03
 1.468002e-03
-8.241010e-04
-5.299365e-03
 3.085868e-03
-1.722146e-03
 2.283913e-03
-1.498003e-03
 9.393871e-04
-2.286349e-04
-3.949563e-03
-3.241710e-03
 1.387082e-03
 4.186929e-04
-6.180846e-03
-3.826152e-03
 5.781657e-03
 2.809182e-03
 6.903921e-03
 7.021370e-04
 8.407885e-02
-5.685785e-03
 1.413750e-03
 4.752362e-03
 4.699898e-03
-5.930419e-03
-2.449332e-03
 2.530726e-03
 8.697331e-04
-5.221187e-03
-3.746878e-04
 9.774404e-04
 7.095161e-04
-3.744431e-03
 3.483246e-03
-2.595530e-03
 9.677782e-04
-2.512719e-03
 4.640843e-04
-2.737417e-04
 2.221774e-03
-9.270972e-04
-1.615730e-03
-9.865772e-04
 1.487733e-03
-5.785070e-03
-1.752740e-03
 4.297417e-03
-9.252646e-04
 3.039238e-03
 2.119300e-03
-1.035466e-03
-6.348090e-04
 1.120873e-03
-1.040515e-04
 2.087937e-04
-4.498165e-04
 2.033055e-05
-1.908849e-04
-1.956516e-04
 1.934246e-04
 4.914496e-04
 5.721047e-04
-8.509833e-04
-1.485791e-04
-2.962508e-04
 2.782458e-04
-1.141674e-04
-6.346671e-04
 3.260135e-04
-4.485547e-04
 5.465539e-04
 3.144408e-04
 2.537257e-04
-3.473878e-05
-4.296994e-04
 4.949675e-05
 8.238519e-05
 1.089039e-03
 2.922282e-04
-2.818926e-04
-2.726933e-06
-4.746341e-04
-1.689144e-04
 4.179038e-04
 2.755018e-05
 9.930408e-05
 4.741611e-04
-1.051636e-04
-2.643623e-04
-2.471915e-04
-4.557081e-04
 1.257930e-04
 6.479778e-04
-1.783837e-04
-1.467836e-04
 2.383523e-05
 2.453682e-04
 5.987022e-04
 3.355547e-04
-1.097705e-04
-2.540723e-04
 5.313656e-04
-2.243691e-05
-2.614230e-05
-3.609569e-04
-3.303111e-04
 1.227311e-04
-4.222193e-05
-2.393054e-04
-1.615055e-05
 1.635739e-04
 1.614040e-04
-1.359557e-04
-2.519255e-04
-8.959382e-05
 1.816646e-04
 2.459921e-04
 1.917969e-04
-2.058747e-04
-1.196866e-04
