CD hPoly EcartQ_tanPsi EcartQ_cosDelta
106.000000 174.000000 0.020551 0.027109
106.000000 176.000000 0.017792 0.019142
106.000000 178.000000 0.015541 0.013768
106.000000 180.000000 0.013822 0.010970
106.000000 182.000000 0.012645 0.010714
106.000000 184.000000 0.012002 0.012955
106.000000 186.000000 0.011875 0.017636
108.000000 174.000000 0.016340 0.022881
108.000000 176.000000 0.013676 0.015453
108.000000 178.000000 0.011484 0.010566
108.000000 180.000000 0.009794 0.008209
108.000000 182.000000 0.008621 0.008354
108.000000 184.000000 0.007968 0.010965
108.000000 186.000000 0.007827 0.015997
110.000000 174.000000 0.012971 0.018912
110.000000 176.000000 0.010494 0.012174
110.000000 178.000000 0.008464 0.007941
110.000000 180.000000 0.006911 0.006200
110.000000 182.000000 0.005852 0.006928
110.000000 184.000000 0.005295 0.010092
110.000000 186.000000 0.005239 0.015654
112.000000 174.000000 0.010468 0.015427
112.000000 176.000000 0.008235 0.009490
112.000000 178.000000 0.006434 0.006032
112.000000 180.000000 0.005090 0.005039
112.000000 182.000000 0.004222 0.006486
112.000000 184.000000 0.003839 0.010343
112.000000 186.000000 0.003941 0.016571
114.000000 174.000000 0.008731 0.012507
114.000000 176.000000 0.006792 0.007512
114.000000 178.000000 0.005272 0.004975
114.000000 180.000000 0.004195 0.004878
114.000000 182.000000 0.003577 0.007193
114.000000 184.000000 0.003428 0.011888
114.000000 186.000000 0.003748 0.018925
116.000000 174.000000 0.007952 0.010808
116.000000 176.000000 0.006290 0.006728
116.000000 178.000000 0.005038 0.005085
116.000000 180.000000 0.004218 0.005856
116.000000 182.000000 0.003843 0.009011
116.000000 184.000000 0.003921 0.014513
116.000000 186.000000 0.004452 0.022322
