#    
#    

#------------ Paramètres ------------
Pola    : TE
n_super = 1.000000 + i0.000000
n_sub   = 1.732051 + i0.000000
L       = 3.900000
h       = 0.500000
lambda  = 1.000000
angle_i = 0.523599
N       = 20
NS      = 20
delta_h = 0.004167
Nstep   = 120
N_profil = 256

#------------ Efficacités -------------
somm_eff          =  1.000000e-00
un_moins_somm_eff =  6.885603e-13
somm_eff_R        =  9.178456e-01
somm_eff_T        =  8.215437e-02
eff_R       =  0.000000e+00  0.000000e+00  0.000000e+00  0.000000e+00  0.000000e+00  9.178456e-01  0.000000e+00 
N_eff_R     = -5.000000e+00 -4.000000e+00 -3.000000e+00 -2.000000e+00 -1.000000e+00  0.000000e+00  1.000000e+00 
theta_eff_R = -5.144877e+01 -3.171141e+01 -1.561850e+01 -7.345807e-01  1.409851e+01  3.000000e+01  4.914875e+01 
eff_T       =  0.000000e+00  0.000000e+00  0.000000e+00  0.000000e+00  0.000000e+00  0.000000e+00  0.000000e+00  0.000000e+00  8.215437e-02  0.000000e+00  0.000000e+00  0.000000e+00  0.000000e+00 
N_eff_T     = -8.000000e+00 -7.000000e+00 -6.000000e+00 -5.000000e+00 -4.000000e+00 -3.000000e+00 -2.000000e+00 -1.000000e+00  0.000000e+00  1.000000e+00  2.000000e+00  3.000000e+00  4.000000e+00 
theta_eff_T = -6.358985e+01 -4.838243e+01 -3.683810e+01 -2.684108e+01 -1.766668e+01 -8.942340e+00 -4.241026e-01  8.084685e+00  1.677865e+01  2.589438e+01  3.578548e+01  4.712086e+01  6.174254e+01 

#--------------- Profil ---------------
profil =  5.000000e-01  4.999245e-01  4.996990e-01  4.993225e-01  4.987960e-01  4.981200e-01  4.972940e-01  4.963195e-01  4.951965e-01  4.939255e-01  4.925080e-01  4.909440e-01  4.892350e-01  4.873820e-01  4.853860e-01  4.832480e-01  4.809700e-01  4.785525e-01  4.759975e-01  4.733060e-01  4.704805e-01  4.675215e-01  4.644320e-01  4.612135e-01  4.578675e-01  4.543960e-01  4.508020e-01  4.470865e-01  4.432525e-01  4.393020e-01  4.352380e-01  4.310620e-01  4.267765e-01  4.223850e-01  4.178895e-01  4.132930e-01  4.085985e-01  4.038080e-01  3.989250e-01  3.939520e-01  3.888925e-01  3.837495e-01  3.785255e-01  3.732245e-01  3.678490e-01  3.624030e-01  3.568890e-01  3.513105e-01  3.456710e-01  3.399740e-01  3.342225e-01  3.284205e-01  3.225710e-01  3.166780e-01  3.107450e-01  3.047755e-01  2.987725e-01  2.927405e-01  2.866825e-01  2.806025e-01  2.745045e-01  2.683910e-01  2.622670e-01  2.561355e-01  2.500000e-01  2.438645e-01  2.377330e-01  2.316090e-01  2.254955e-01  2.193975e-01  2.133175e-01  2.072595e-01  2.012275e-01  1.952245e-01  1.892550e-01  1.833220e-01  1.774290e-01  1.715795e-01  1.657775e-01  1.600260e-01  1.543290e-01  1.486895e-01  1.431110e-01  1.375970e-01  1.321510e-01  1.267755e-01  1.214745e-01  1.162505e-01  1.111075e-01  1.060480e-01  1.010750e-01  9.619200e-02  9.140150e-02  8.670700e-02  8.211050e-02  7.761500e-02  7.322350e-02  6.893800e-02  6.476200e-02  6.069800e-02  5.674750e-02  5.291350e-02  4.919800e-02  4.560400e-02  4.213250e-02  3.878650e-02  3.556800e-02  3.247850e-02  2.951950e-02  2.669400e-02  2.400250e-02  2.144750e-02  1.903000e-02  1.675200e-02  1.461400e-02  1.261800e-02  1.076500e-02  9.056000e-03  7.492000e-03  6.074500e-03  4.803500e-03  3.680500e-03  2.706000e-03  1.880000e-03  1.204000e-03  6.775000e-04  3.010000e-04  7.550000e-05  0.000000e+00  7.550000e-05  3.010000e-04  6.775000e-04  1.204000e-03  1.880000e-03  2.706000e-03  3.680500e-03  4.803500e-03  6.074500e-03  7.492000e-03  9.056000e-03  1.076500e-02  1.261800e-02  1.461400e-02  1.675200e-02  1.903000e-02  2.144750e-02  2.400250e-02  2.669400e-02  2.951950e-02  3.247850e-02  3.556800e-02  3.878650e-02  4.213250e-02  4.560400e-02  4.919800e-02  5.291350e-02  5.674750e-02  6.069800e-02  6.476200e-02  6.893800e-02  7.322350e-02  7.761500e-02  8.211050e-02  8.670700e-02  9.140150e-02  9.619200e-02  1.010750e-01  1.060480e-01  1.111075e-01  1.162505e-01  1.214745e-01  1.267755e-01  1.321510e-01  1.375970e-01  1.431110e-01  1.486895e-01  1.543290e-01  1.600260e-01  1.657775e-01  1.715795e-01  1.774290e-01  1.833220e-01  1.892550e-01  1.952245e-01  2.012275e-01  2.072595e-01  2.133175e-01  2.193975e-01  2.254955e-01  2.316090e-01  2.377330e-01  2.438645e-01  2.500000e-01  2.561355e-01  2.622670e-01  2.683910e-01  2.745045e-01  2.806025e-01  2.866825e-01  2.927405e-01  2.987725e-01  3.047755e-01  3.107450e-01  3.166780e-01  3.225710e-01  3.284205e-01  3.342225e-01  3.399740e-01  3.456710e-01  3.513105e-01  3.568890e-01  3.624030e-01  3.678490e-01  3.732245e-01  3.785255e-01  3.837495e-01  3.888925e-01  3.939520e-01  3.989250e-01  4.038080e-01  4.085985e-01  4.132930e-01  4.178895e-01  4.223850e-01  4.267765e-01  4.310620e-01  4.352380e-01  4.393020e-01  4.432525e-01  4.470865e-01  4.508020e-01  4.543960e-01  4.578675e-01  4.612135e-01  4.644320e-01  4.675215e-01  4.704805e-01  4.733060e-01  4.759975e-01  4.785525e-01  4.809700e-01  4.832480e-01  4.853860e-01  4.873820e-01  4.892350e-01  4.909440e-01  4.925080e-01  4.939255e-01  4.951965e-01  4.963195e-01  4.972940e-01  4.981200e-01  4.987960e-01  4.993225e-01  4.996990e-01  4.999245e-01 

