#    
#    

#------------ Paramètres ------------
Pola    : TE
n_super = 1.000000 + i0.000000
n_sub   = 1.500000 + i0.000000
L       = 50.000000
h       = 5.000000
lambda  = 0.632800
angle_i = 0.000000
N       = 50
NS      = 25
delta_h = 0.018182
Nstep   = 275
N_profil = 256

#------------ Efficacités -------------
somm_eff          =  1.000000e-00
un_moins_somm_eff =  3.330669e-16
somm_eff_R        =  9.989193e-01
somm_eff_T        =  1.080719e-03
eff_R       =  0.000000e+00  0.000000e+00  0.000000e+00  0.000000e+00  0.000000e+00  0.000000e+00  0.000000e+00  0.000000e+00  0.000000e+00  0.000000e+00  0.000000e+00  0.000000e+00  0.000000e+00  0.000000e+00  0.000000e+00  0.000000e+00  0.000000e+00  0.000000e+00  0.000000e+00  0.000000e+00  0.000000e+00  0.000000e+00  0.000000e+00  0.000000e+00  0.000000e+00  0.000000e+00  0.000000e+00  0.000000e+00  0.000000e+00  0.000000e+00  0.000000e+00  0.000000e+00  0.000000e+00  0.000000e+00  0.000000e+00  0.000000e+00  0.000000e+00  0.000000e+00  0.000000e+00  0.000000e+00  0.000000e+00  0.000000e+00  0.000000e+00  0.000000e+00  0.000000e+00  0.000000e+00  0.000000e+00  0.000000e+00  0.000000e+00  0.000000e+00  9.989193e-01  0.000000e+00  0.000000e+00  0.000000e+00  0.000000e+00  0.000000e+00  0.000000e+00  0.000000e+00  0.000000e+00  0.000000e+00  0.000000e+00  0.000000e+00  0.000000e+00  0.000000e+00  0.000000e+00  0.000000e+00  0.000000e+00  0.000000e+00  0.000000e+00  0.000000e+00  0.000000e+00  0.000000e+00  0.000000e+00  0.000000e+00  0.000000e+00  0.000000e+00  0.000000e+00  0.000000e+00  0.000000e+00  0.000000e+00  0.000000e+00  0.000000e+00  0.000000e+00  0.000000e+00  0.000000e+00  0.000000e+00  0.000000e+00  0.000000e+00  0.000000e+00  0.000000e+00  0.000000e+00  0.000000e+00  0.000000e+00  0.000000e+00  0.000000e+00  0.000000e+00  0.000000e+00  0.000000e+00  0.000000e+00  0.000000e+00  0.000000e+00 
N_eff_R     = -5.000000e+01 -4.900000e+01 -4.800000e+01 -4.700000e+01 -4.600000e+01 -4.500000e+01 -4.400000e+01 -4.300000e+01 -4.200000e+01 -4.100000e+01 -4.000000e+01 -3.900000e+01 -3.800000e+01 -3.700000e+01 -3.600000e+01 -3.500000e+01 -3.400000e+01 -3.300000e+01 -3.200000e+01 -3.100000e+01 -3.000000e+01 -2.900000e+01 -2.800000e+01 -2.700000e+01 -2.600000e+01 -2.500000e+01 -2.400000e+01 -2.300000e+01 -2.200000e+01 -2.100000e+01 -2.000000e+01 -1.900000e+01 -1.800000e+01 -1.700000e+01 -1.600000e+01 -1.500000e+01 -1.400000e+01 -1.300000e+01 -1.200000e+01 -1.100000e+01 -1.000000e+01 -9.000000e+00 -8.000000e+00 -7.000000e+00 -6.000000e+00 -5.000000e+00 -4.000000e+00 -3.000000e+00 -2.000000e+00 -1.000000e+00  0.000000e+00  1.000000e+00  2.000000e+00  3.000000e+00  4.000000e+00  5.000000e+00  6.000000e+00  7.000000e+00  8.000000e+00  9.000000e+00  1.000000e+01  1.100000e+01  1.200000e+01  1.300000e+01  1.400000e+01  1.500000e+01  1.600000e+01  1.700000e+01  1.800000e+01  1.900000e+01  2.000000e+01  2.100000e+01  2.200000e+01  2.300000e+01  2.400000e+01  2.500000e+01  2.600000e+01  2.700000e+01  2.800000e+01  2.900000e+01  3.000000e+01  3.100000e+01  3.200000e+01  3.300000e+01  3.400000e+01  3.500000e+01  3.600000e+01  3.700000e+01  3.800000e+01  3.900000e+01  4.000000e+01  4.100000e+01  4.200000e+01  4.300000e+01  4.400000e+01  4.500000e+01  4.600000e+01  4.700000e+01  4.800000e+01  4.900000e+01  5.000000e+01 
theta_eff_R = -3.925700e+01 -3.832665e+01 -3.740809e+01 -3.650066e+01 -3.560374e+01 -3.471676e+01 -3.383920e+01 -3.297056e+01 -3.211038e+01 -3.125823e+01 -3.041370e+01 -2.957642e+01 -2.874603e+01 -2.792219e+01 -2.710457e+01 -2.629289e+01 -2.548685e+01 -2.468618e+01 -2.389063e+01 -2.309993e+01 -2.231386e+01 -2.153220e+01 -2.075471e+01 -1.998121e+01 -1.921149e+01 -1.844535e+01 -1.768262e+01 -1.692310e+01 -1.616664e+01 -1.541307e+01 -1.466221e+01 -1.391393e+01 -1.316805e+01 -1.242444e+01 -1.168296e+01 -1.094345e+01 -1.020578e+01 -9.469816e+00 -8.735427e+00 -8.002482e+00 -7.270853e+00 -6.540413e+00 -5.811040e+00 -5.082611e+00 -4.355004e+00 -3.628101e+00 -2.901782e+00 -2.175929e+00 -1.450426e+00 -7.251547e-01  0.000000e+00  7.251547e-01  1.450426e+00  2.175929e+00  2.901782e+00  3.628101e+00  4.355004e+00  5.082611e+00  5.811040e+00  6.540413e+00  7.270853e+00  8.002482e+00  8.735427e+00  9.469816e+00  1.020578e+01  1.094345e+01  1.168296e+01  1.242444e+01  1.316805e+01  1.391393e+01  1.466221e+01  1.541307e+01  1.616664e+01  1.692310e+01  1.768262e+01  1.844535e+01  1.921149e+01  1.998121e+01  2.075471e+01  2.153220e+01  2.231386e+01  2.309993e+01  2.389063e+01  2.468618e+01  2.548685e+01  2.629289e+01  2.710457e+01  2.792219e+01  2.874603e+01  2.957642e+01  3.041370e+01  3.125823e+01  3.211038e+01  3.297056e+01  3.383920e+01  3.471676e+01  3.560374e+01  3.650066e+01  3.740809e+01  3.832665e+01  3.925700e+01 
eff_T       =  0.000000e+00  0.000000e+00  0.000000e+00  0.000000e+00  0.000000e+00  0.000000e+00  0.000000e+00  0.000000e+00  0.000000e+00  0.000000e+00  0.000000e+00  0.000000e+00  0.000000e+00  0.000000e+00  0.000000e+00  0.000000e+00  0.000000e+00  0.000000e+00  0.000000e+00  0.000000e+00  0.000000e+00  0.000000e+00  0.000000e+00  0.000000e+00  0.000000e+00  0.000000e+00  0.000000e+00  0.000000e+00  0.000000e+00  0.000000e+00  0.000000e+00  0.000000e+00  0.000000e+00  0.000000e+00  0.000000e+00  0.000000e+00  0.000000e+00  0.000000e+00  0.000000e+00  0.000000e+00  0.000000e+00  0.000000e+00  0.000000e+00  0.000000e+00  0.000000e+00  0.000000e+00  0.000000e+00  0.000000e+00  0.000000e+00  0.000000e+00  1.080719e-03  0.000000e+00  0.000000e+00  0.000000e+00  0.000000e+00  0.000000e+00  0.000000e+00  0.000000e+00  0.000000e+00  0.000000e+00  0.000000e+00  0.000000e+00  0.000000e+00  0.000000e+00  0.000000e+00  0.000000e+00  0.000000e+00  0.000000e+00  0.000000e+00  0.000000e+00  0.000000e+00  0.000000e+00  0.000000e+00  0.000000e+00  0.000000e+00  0.000000e+00  0.000000e+00  0.000000e+00  0.000000e+00  0.000000e+00  0.000000e+00  0.000000e+00  0.000000e+00  0.000000e+00  0.000000e+00  0.000000e+00  0.000000e+00  0.000000e+00  0.000000e+00  0.000000e+00  0.000000e+00  0.000000e+00  0.000000e+00  0.000000e+00  0.000000e+00  0.000000e+00  0.000000e+00  0.000000e+00  0.000000e+00  0.000000e+00  0.000000e+00 
N_eff_T     = -5.000000e+01 -4.900000e+01 -4.800000e+01 -4.700000e+01 -4.600000e+01 -4.500000e+01 -4.400000e+01 -4.300000e+01 -4.200000e+01 -4.100000e+01 -4.000000e+01 -3.900000e+01 -3.800000e+01 -3.700000e+01 -3.600000e+01 -3.500000e+01 -3.400000e+01 -3.300000e+01 -3.200000e+01 -3.100000e+01 -3.000000e+01 -2.900000e+01 -2.800000e+01 -2.700000e+01 -2.600000e+01 -2.500000e+01 -2.400000e+01 -2.300000e+01 -2.200000e+01 -2.100000e+01 -2.000000e+01 -1.900000e+01 -1.800000e+01 -1.700000e+01 -1.600000e+01 -1.500000e+01 -1.400000e+01 -1.300000e+01 -1.200000e+01 -1.100000e+01 -1.000000e+01 -9.000000e+00 -8.000000e+00 -7.000000e+00 -6.000000e+00 -5.000000e+00 -4.000000e+00 -3.000000e+00 -2.000000e+00 -1.000000e+00  0.000000e+00  1.000000e+00  2.000000e+00  3.000000e+00  4.000000e+00  5.000000e+00  6.000000e+00  7.000000e+00  8.000000e+00  9.000000e+00  1.000000e+01  1.100000e+01  1.200000e+01  1.300000e+01  1.400000e+01  1.500000e+01  1.600000e+01  1.700000e+01  1.800000e+01  1.900000e+01  2.000000e+01  2.100000e+01  2.200000e+01  2.300000e+01  2.400000e+01  2.500000e+01  2.600000e+01  2.700000e+01  2.800000e+01  2.900000e+01  3.000000e+01  3.100000e+01  3.200000e+01  3.300000e+01  3.400000e+01  3.500000e+01  3.600000e+01  3.700000e+01  3.800000e+01  3.900000e+01  4.000000e+01  4.100000e+01  4.200000e+01  4.300000e+01  4.400000e+01  4.500000e+01  4.600000e+01  4.700000e+01  4.800000e+01  4.900000e+01  5.000000e+01 
theta_eff_T = -2.495249e+01 -2.442044e+01 -2.389063e+01 -2.336297e+01 -2.283740e+01 -2.231386e+01 -2.179228e+01 -2.127258e+01 -2.075471e+01 -2.023862e+01 -1.972423e+01 -1.921149e+01 -1.870034e+01 -1.819074e+01 -1.768262e+01 -1.717593e+01 -1.667062e+01 -1.616664e+01 -1.566395e+01 -1.516249e+01 -1.466221e+01 -1.416308e+01 -1.366504e+01 -1.316805e+01 -1.267207e+01 -1.217705e+01 -1.168296e+01 -1.118974e+01 -1.069736e+01 -1.020578e+01 -9.714955e+00 -9.224851e+00 -8.735427e+00 -8.246644e+00 -7.758465e+00 -7.270853e+00 -6.783769e+00 -6.297177e+00 -5.811040e+00 -5.325323e+00 -4.839990e+00 -4.355004e+00 -3.870331e+00 -3.385935e+00 -2.901782e+00 -2.417835e+00 -1.934062e+00 -1.450426e+00 -9.668930e-01 -4.834293e-01  0.000000e+00  4.834293e-01  9.668930e-01  1.450426e+00  1.934062e+00  2.417835e+00  2.901782e+00  3.385935e+00  3.870331e+00  4.355004e+00  4.839990e+00  5.325323e+00  5.811040e+00  6.297177e+00  6.783769e+00  7.270853e+00  7.758465e+00  8.246644e+00  8.735427e+00  9.224851e+00  9.714955e+00  1.020578e+01  1.069736e+01  1.118974e+01  1.168296e+01  1.217705e+01  1.267207e+01  1.316805e+01  1.366504e+01  1.416308e+01  1.466221e+01  1.516249e+01  1.566395e+01  1.616664e+01  1.667062e+01  1.717593e+01  1.768262e+01  1.819074e+01  1.870034e+01  1.921149e+01  1.972423e+01  2.023862e+01  2.075471e+01  2.127258e+01  2.179228e+01  2.231386e+01  2.283740e+01  2.336297e+01  2.389063e+01  2.442044e+01  2.495249e+01 

#--------------- Profil ---------------
profil = -5.000000e-10 -5.000000e-10 -5.000000e-10 -5.000000e-10 -5.000000e-10 -5.000000e-10 -5.000000e-10 -5.000000e-10 -5.000000e-10 -5.000000e-10 -5.000000e-10 -5.000000e-10 -5.000000e-10 -5.000000e-10 -5.000000e-10 -5.000000e-10 -5.000000e-10 -5.000000e-10 -5.000000e-10 -5.000000e-10 -5.000000e-10 -5.000000e-10 -5.000000e-10 -5.000000e-10 -5.000000e-10 -5.000000e-10 -5.000000e-10 -5.000000e-10 -5.000000e-10 -5.000000e-10 -5.000000e-10 -5.000000e-10 -5.000000e-10 -5.000000e-10 -5.000000e-10 -5.000000e-10 -5.000000e-10 -5.000000e-10 -5.000000e-10 -5.000000e-10 -5.000000e-10 -5.000000e-10 -5.000000e-10 -5.000000e-10 -5.000000e-10 -5.000000e-10 -5.000000e-10 -5.000000e-10 -5.000000e-10 -5.000000e-10 -5.000000e-10 -5.000000e-10 -5.000000e-10 -5.000000e-10 -5.000000e-10 -5.000000e-10 -5.000000e-10 -5.000000e-10 -5.000000e-10 -5.000000e-10 -5.000000e-10 -5.000000e-10 -5.000000e-10 -5.000000e-10 -5.000000e-10 -5.000000e-10 -5.000000e-10 -5.000000e-10 -5.000000e-10 -5.000000e-10 -5.000000e-10 -5.000000e-10 -5.000000e-10 -5.000000e-10 -5.000000e-10 -5.000000e-10 -5.000000e-10 -5.000000e-10 -5.000000e-10 -5.000000e-10 -5.000000e-10 -5.000000e-10 -5.000000e-10 -5.000000e-10 -5.000000e-10 -5.000000e-10 -5.000000e-10 -5.000000e-10 -5.000000e-10 -5.000000e-10 -5.000000e-10 -5.000000e-10 -5.000000e-10 -5.000000e-10 -5.000000e-10 -5.000000e-10 -5.000000e-10 -5.000000e-10 -5.000000e-10 -5.000000e-10 -5.000000e-10 -5.000000e-10 -5.000000e-10 -5.000000e-10 -5.000000e-10 -5.000000e-10 -5.000000e-10 -5.000000e-10 -5.000000e-10 -5.000000e-10 -5.000000e-10 -5.000000e-10 -5.000000e-10 -5.000000e-10 -5.000000e-10 -5.000000e-10 -5.000000e-10 -5.000000e-10 -5.000000e-10 -5.000000e-10 -5.000000e-10 -5.000000e-10 -5.000000e-10 -5.000000e-10 -5.000000e-10 -5.000000e-10 -5.000000e-10 -5.000000e-10 -5.000000e-10 -5.000000e-10 -5.000000e-10 -5.000000e-10 -5.000000e-10 -5.000000e-10 -5.000000e-10 -5.000000e-10 -5.000000e-10 -5.000000e-10 -5.000000e-10 -5.000000e-10 -5.000000e-10 -5.000000e-10 -5.000000e-10 -5.000000e-10 -5.000000e-10 -5.000000e-10 -5.000000e-10 -5.000000e-10 -5.000000e-10 -5.000000e-10 -5.000000e-10 -5.000000e-10 -5.000000e-10 -5.000000e-10 -5.000000e-10 -5.000000e-10 -5.000000e-10 -5.000000e-10 -5.000000e-10 -5.000000e-10 -5.000000e-10 -5.000000e-10 -5.000000e-10 -5.000000e-10 -5.000000e-10 -5.000000e-10 -5.000000e-10 -5.000000e-10 -5.000000e-10 -5.000000e-10 -5.000000e-10 -5.000000e-10 -5.000000e-10 -5.000000e-10 -5.000000e-10 -5.000000e-10 -5.000000e-10 -5.000000e-10 -5.000000e-10 -5.000000e-10 -5.000000e-10 -5.000000e-10 -5.000000e-10 -5.000000e-10 -5.000000e-10 -5.000000e-10 -5.000000e-10 -5.000000e-10 -5.000000e-10 -5.000000e-10 -5.000000e-10 -5.000000e-10 -5.000000e-10 -5.000000e-10 -5.000000e-10 -5.000000e-10 -5.000000e-10 -5.000000e-10 -5.000000e-10 -5.000000e-10 -5.000000e-10 -5.000000e-10 -5.000000e-10 -5.000000e-10 -5.000000e-10 -5.000000e-10 -5.000000e-10 -5.000000e-10 -5.000000e-10 -5.000000e-10 -5.000000e-10 -5.000000e-10 -5.000000e-10 -5.000000e-10 -5.000000e-10 -5.000000e-10 -5.000000e-10 -5.000000e-10 -5.000000e-10 -5.000000e-10 -5.000000e-10 -5.000000e-10 -5.000000e-10 -5.000000e-10 -5.000000e-10 -5.000000e-10 -5.000000e-10 -5.000000e-10 -5.000000e-10 -5.000000e-10 -5.000000e-10 -5.000000e-10 -5.000000e-10 -5.000000e-10 -5.000000e-10 -5.000000e-10 -5.000000e-10 -5.000000e-10 -5.000000e-10 -5.000000e-10 -5.000000e-10 -5.000000e-10 -5.000000e-10 -5.000000e-10 -5.000000e-10 -5.000000e-10 -5.000000e-10 -5.000000e-10 -5.000000e-10 -5.000000e-10 -5.000000e-10 -5.000000e-10 -5.000000e-10 -5.000000e-10 -5.000000e-10 -5.000000e-10 

