-3.00E+01	12.85936584	4.5
-2.91E+01	7.375862877	4.5
-2.83E+01	8.449855157	4.5
-2.75E+01	6.966371963	4.5
-2.67E+01	8.899539488	4.5
-2.59E+01	19.45186257	4.5
-2.51E+01	8.126108112	4.5
-2.43E+01	6.663724992	4.5
-2.35E+01	9.160022429	4.5
-2.27E+01	10.85613506	4.5
-2.19E+01	7.387006907	4.5
-2.11E+01	10.19628965	4.5
-2.03E+01	7.722217049	4.5
-1.96E+01	7.389377343	4.5
-1.88E+01	6.07080057	4.5
-1.80E+01	16.17154147	4.5
-1.73E+01	19.14761338	4.5
-1.65E+01	12.13763221	4.5
-1.58E+01	8.299193569	4.5
-1.50E+01	7.693033359	4.5
-1.43E+01	7.861772639	4.5
-1.35E+01	5.591317719	4.5
-1.28E+01	16.82158858	4.5
-1.20E+01	9.059870653	4.5
-1.13E+01	7.997419311	4.5
-1.06E+01	17.2838476	4.5
-9.82E+00	11.21967063	4.5
-9.08E+00	11.8305351	4.5
-8.35E+00	19.13210172	4.5
-7.62E+00	12.30738925	4.5
-6.88E+00	8.205757194	4.5
-6.16E+00	13.84084521	4.5
-5.43E+00	7.713147557	4.5
-4.70E+00	13.55065759	4.5
-3.97E+00	22.30449261	4.5
-3.24E+00	15.64813355	4.5
-2.52E+00	12.09784458	4.5
-1.79E+00	16.0765701	4.5
-1.07E+00	12.1872609	4.5
-3.42E-01	10.68666579	4.5
3.83E-01	33.60636869	4.5
1.11E+00	13.32700459	4.5
1.83E+00	14.22603311	4.5
2.56E+00	11.93420118	4.5
3.29E+00	21.70497826	4.5
4.01E+00	8.746139005	4.5
4.74E+00	11.87672775	4.5
5.47E+00	9.874776311	4.5
6.20E+00	23.71517881	4.5
6.93E+00	10.71124151	4.5
7.66E+00	11.47169876	4.5
8.39E+00	14.04668233	4.5
9.12E+00	10.32546738	4.5
9.86E+00	9.804986185	4.5
1.06E+01	14.03340997	4.5
1.13E+01	14.72321886	4.5
1.21E+01	16.6314662	4.5
1.28E+01	14.09236846	4.5
1.36E+01	8.085692235	4.5
1.43E+01	7.950368834	4.5
1.51E+01	8.355432128	4.5
1.58E+01	12.44129677	4.5
1.66E+01	10.15926804	4.5
1.73E+01	19.18904912	4.5
1.81E+01	15.7301548	4.5
1.88E+01	9.533970852	4.5
1.96E+01	15.69612394	4.5
2.04E+01	8.847045941	4.5
2.12E+01	7.599367791	4.5
2.19E+01	12.22966527	4.5
2.27E+01	9.379933319	4.5
2.35E+01	10.36419231	4.5
2.43E+01	8.711043403	4.5
2.51E+01	6.265014555	4.5
2.59E+01	13.40785085	4.5
2.67E+01	12.94224414	4.5
2.75E+01	10.53126217	4.5
2.84E+01	8.404337144	4.5
2.92E+01	9.275775776	4.5
3.00E+01	8.63573952	4.5
3.09E+01	7.717435148	4.5
3.17E+01	3.764067411	4.5
3.26E+01	4.924109139	4.5
3.34E+01	5.478749792	4.5
3.43E+01	3.269190005	4.5
3.52E+01	8.436648183	4.5
3.61E+01	4.87882251	4.5
3.70E+01	1.919734522	4.5
3.79E+01	6.651444694	4.5
3.88E+01	6.256884587	4.5
3.98E+01	3.639240554	4.5
4.07E+01	4.248679257	4.5
4.17E+01	13.39010759	4.5
4.26E+01	3.854739121	4.5
4.36E+01	4.479239051	4.5
4.46E+01	4.894612559	4.5
4.57E+01	1.991530526	4.5
4.67E+01	3.061633654	4.5
4.78E+01	6.686070969	4.5
4.89E+01	7.274089478	4.5
5.00E+01	0.702758672	4.5
5.11E+01	3.345176829	4.5
5.23E+01	20.7735744	4.5
5.35E+01	7.71986921	4.5
5.48E+01	13.55912461	4.5
5.60E+01	29.40150652	4.5
5.73E+01	9.241948453	4.5
5.87E+01	27.15935936	4.5
6.01E+01	36.77639754	4.5
6.16E+01	59.95408978	4.5
6.32E+01	63.06239836	4.5
6.49E+01	79.0224283	4.5
6.66E+01	34.33619574	4.5
6.85E+01	27.62111439	4.5
7.06E+01	48.31589691	4.5
7.29E+01	33.83502068	4.5
7.56E+01	26.42522893	4.5
7.89E+01	31.5174763	4.5
8.36E+01	31.13228084	4.5
