i1 = 1575
i2 = 1694
N_x = 2048
type_profil = H_X
profil = 
0.000000e+00	
0.000000e+00	
0.000000e+00	
0.000000e+00	
0.000000e+00	
0.000000e+00	
0.000000e+00	
0.000000e+00	
0.000000e+00	
0.000000e+00	
0.000000e+00	
0.000000e+00	
0.000000e+00	
0.000000e+00	
0.000000e+00	
0.000000e+00	
0.000000e+00	
0.000000e+00	
0.000000e+00	
0.000000e+00	
0.000000e+00	
0.000000e+00	
0.000000e+00	
0.000000e+00	
0.000000e+00	
0.000000e+00	
0.000000e+00	
0.000000e+00	
0.000000e+00	
0.000000e+00	
0.000000e+00	
0.000000e+00	
0.000000e+00	
0.000000e+00	
0.000000e+00	
0.000000e+00	
0.000000e+00	
0.000000e+00	
0.000000e+00	
0.000000e+00	
0.000000e+00	
0.000000e+00	
0.000000e+00	
0.000000e+00	
0.000000e+00	
0.000000e+00	
0.000000e+00	
0.000000e+00	
0.000000e+00	
0.000000e+00	
0.000000e+00	
0.000000e+00	
0.000000e+00	
0.000000e+00	
0.000000e+00	
0.000000e+00	
0.000000e+00	
0.000000e+00	
0.000000e+00	
0.000000e+00	
0.000000e+00	
0.000000e+00	
0.000000e+00	
0.000000e+00	
0.000000e+00	
0.000000e+00	
0.000000e+00	
0.000000e+00	
0.000000e+00	
0.000000e+00	
0.000000e+00	
0.000000e+00	
0.000000e+00	
0.000000e+00	
0.000000e+00	
0.000000e+00	
0.000000e+00	
0.000000e+00	
0.000000e+00	
0.000000e+00	
0.000000e+00	
0.000000e+00	
0.000000e+00	
0.000000e+00	
0.000000e+00	
0.000000e+00	
0.000000e+00	
0.000000e+00	
0.000000e+00	
0.000000e+00	
0.000000e+00	
0.000000e+00	
0.000000e+00	
0.000000e+00	
0.000000e+00	
0.000000e+00	
0.000000e+00	
0.000000e+00	
0.000000e+00	
0.000000e+00	
0.000000e+00	
0.000000e+00	
0.000000e+00	
0.000000e+00	
0.000000e+00	
0.000000e+00	
0.000000e+00	
0.000000e+00	
0.000000e+00	
0.000000e+00	
0.000000e+00	
0.000000e+00	
0.000000e+00	
0.000000e+00	
0.000000e+00	
0.000000e+00	
0.000000e+00	
0.000000e+00	
0.000000e+00	
0.000000e+00	
0.000000e+00	
0.000000e+00	
0.000000e+00	
0.000000e+00	
0.000000e+00	
0.000000e+00	
0.000000e+00	
0.000000e+00	
0.000000e+00	
0.000000e+00	
0.000000e+00	
0.000000e+00	
0.000000e+00	
0.000000e+00	
0.000000e+00	
0.000000e+00	
0.000000e+00	
0.000000e+00	
0.000000e+00	
0.000000e+00	
0.000000e+00	
0.000000e+00	
0.000000e+00	
0.000000e+00	
0.000000e+00	
0.000000e+00	
0.000000e+00	
0.000000e+00	
0.000000e+00	
0.000000e+00	
0.000000e+00	
0.000000e+00	
0.000000e+00	
0.000000e+00	
0.000000e+00	
0.000000e+00	
0.000000e+00	
0.000000e+00	
0.000000e+00	
0.000000e+00	
0.000000e+00	
0.000000e+00	
0.000000e+00	
0.000000e+00	
0.000000e+00	
0.000000e+00	
0.000000e+00	
0.000000e+00	
0.000000e+00	
0.000000e+00	
0.000000e+00	
0.000000e+00	
0.000000e+00	
0.000000e+00	
0.000000e+00	
0.000000e+00	
0.000000e+00	
0.000000e+00	
0.000000e+00	
0.000000e+00	
0.000000e+00	
0.000000e+00	
0.000000e+00	
0.000000e+00	
0.000000e+00	
0.000000e+00	
0.000000e+00	
0.000000e+00	
0.000000e+00	
0.000000e+00	
0.000000e+00	
0.000000e+00	
0.000000e+00	
0.000000e+00	
0.000000e+00	
0.000000e+00	
0.000000e+00	
0.000000e+00	
0.000000e+00	
0.000000e+00	
0.000000e+00	
0.000000e+00	
0.000000e+00	
0.000000e+00	
0.000000e+00	
0.000000e+00	
0.000000e+00	
0.000000e+00	
0.000000e+00	
0.000000e+00	
0.000000e+00	
0.000000e+00	
0.000000e+00	
0.000000e+00	
0.000000e+00	
0.000000e+00	
0.000000e+00	
0.000000e+00	
0.000000e+00	
0.000000e+00	
0.000000e+00	
0.000000e+00	
0.000000e+00	
0.000000e+00	
0.000000e+00	
0.000000e+00	
0.000000e+00	
0.000000e+00	
0.000000e+00	
0.000000e+00	
0.000000e+00	
0.000000e+00	
0.000000e+00	
0.000000e+00	
0.000000e+00	
0.000000e+00	
0.000000e+00	
0.000000e+00	
0.000000e+00	
0.000000e+00	
0.000000e+00	
0.000000e+00	
0.000000e+00	
0.000000e+00	
0.000000e+00	
0.000000e+00	
0.000000e+00	
0.000000e+00	
0.000000e+00	
0.000000e+00	
0.000000e+00	
0.000000e+00	
0.000000e+00	
0.000000e+00	
0.000000e+00	
0.000000e+00	
0.000000e+00	
0.000000e+00	
0.000000e+00	
0.000000e+00	
0.000000e+00	
0.000000e+00	
0.000000e+00	
0.000000e+00	
0.000000e+00	
0.000000e+00	
0.000000e+00	
0.000000e+00	
0.000000e+00	
0.000000e+00	
0.000000e+00	
0.000000e+00	
0.000000e+00	
0.000000e+00	
0.000000e+00	
0.000000e+00	
0.000000e+00	
0.000000e+00	
0.000000e+00	
0.000000e+00	
0.000000e+00	
0.000000e+00	
0.000000e+00	
0.000000e+00	
0.000000e+00	
0.000000e+00	
0.000000e+00	
0.000000e+00	
0.000000e+00	
0.000000e+00	
0.000000e+00	
0.000000e+00	
0.000000e+00	
0.000000e+00	
0.000000e+00	
0.000000e+00	
0.000000e+00	
0.000000e+00	
0.000000e+00	
0.000000e+00	
0.000000e+00	
0.000000e+00	
0.000000e+00	
0.000000e+00	
0.000000e+00	
0.000000e+00	
0.000000e+00	
0.000000e+00	
0.000000e+00	
0.000000e+00	
0.000000e+00	
0.000000e+00	
0.000000e+00	
0.000000e+00	
0.000000e+00	
0.000000e+00	
0.000000e+00	
0.000000e+00	
0.000000e+00	
0.000000e+00	
0.000000e+00	
0.000000e+00	
0.000000e+00	
0.000000e+00	
0.000000e+00	
0.000000e+00	
0.000000e+00	
0.000000e+00	
0.000000e+00	
0.000000e+00	
0.000000e+00	
0.000000e+00	
0.000000e+00	
0.000000e+00	
0.000000e+00	
0.000000e+00	
0.000000e+00	
0.000000e+00	
0.000000e+00	
0.000000e+00	
0.000000e+00	
0.000000e+00	
0.000000e+00	
0.000000e+00	
0.000000e+00	
0.000000e+00	
0.000000e+00	
0.000000e+00	
0.000000e+00	
0.000000e+00	
0.000000e+00	
0.000000e+00	
0.000000e+00	
0.000000e+00	
0.000000e+00	
0.000000e+00	
0.000000e+00	
0.000000e+00	
0.000000e+00	
0.000000e+00	
0.000000e+00	
0.000000e+00	
0.000000e+00	
0.000000e+00	
0.000000e+00	
0.000000e+00	
0.000000e+00	
0.000000e+00	
0.000000e+00	
0.000000e+00	
0.000000e+00	
0.000000e+00	
0.000000e+00	
0.000000e+00	
0.000000e+00	
0.000000e+00	
0.000000e+00	
0.000000e+00	
0.000000e+00	
0.000000e+00	
0.000000e+00	
0.000000e+00	
0.000000e+00	
0.000000e+00	
0.000000e+00	
0.000000e+00	
0.000000e+00	
0.000000e+00	
0.000000e+00	
0.000000e+00	
0.000000e+00	
0.000000e+00	
0.000000e+00	
0.000000e+00	
0.000000e+00	
0.000000e+00	
0.000000e+00	
0.000000e+00	
0.000000e+00	
0.000000e+00	
0.000000e+00	
0.000000e+00	
0.000000e+00	
0.000000e+00	
0.000000e+00	
0.000000e+00	
0.000000e+00	
0.000000e+00	
0.000000e+00	
0.000000e+00	
0.000000e+00	
0.000000e+00	
0.000000e+00	
0.000000e+00	
0.000000e+00	
0.000000e+00	
0.000000e+00	
0.000000e+00	
0.000000e+00	
0.000000e+00	
0.000000e+00	
0.000000e+00	
0.000000e+00	
0.000000e+00	
0.000000e+00	
0.000000e+00	
0.000000e+00	
0.000000e+00	
0.000000e+00	
0.000000e+00	
0.000000e+00	
0.000000e+00	
0.000000e+00	
0.000000e+00	
0.000000e+00	
0.000000e+00	
0.000000e+00	
0.000000e+00	
0.000000e+00	
0.000000e+00	
0.000000e+00	
0.000000e+00	
0.000000e+00	
0.000000e+00	
0.000000e+00	
0.000000e+00	
0.000000e+00	
0.000000e+00	
0.000000e+00	
0.000000e+00	
0.000000e+00	
0.000000e+00	
0.000000e+00	
0.000000e+00	
0.000000e+00	
0.000000e+00	
0.000000e+00	
0.000000e+00	
0.000000e+00	
0.000000e+00	
0.000000e+00	
0.000000e+00	
0.000000e+00	
0.000000e+00	
0.000000e+00	
0.000000e+00	
0.000000e+00	
0.000000e+00	
0.000000e+00	
0.000000e+00	
0.000000e+00	
0.000000e+00	
0.000000e+00	
0.000000e+00	
0.000000e+00	
0.000000e+00	
0.000000e+00	
0.000000e+00	
0.000000e+00	
0.000000e+00	
0.000000e+00	
0.000000e+00	
0.000000e+00	
0.000000e+00	
0.000000e+00	
0.000000e+00	
0.000000e+00	
0.000000e+00	
0.000000e+00	
0.000000e+00	
0.000000e+00	
0.000000e+00	
0.000000e+00	
0.000000e+00	
0.000000e+00	
0.000000e+00	
0.000000e+00	
0.000000e+00	
0.000000e+00	
0.000000e+00	
0.000000e+00	
0.000000e+00	
0.000000e+00	
0.000000e+00	
0.000000e+00	
0.000000e+00	
0.000000e+00	
0.000000e+00	
0.000000e+00	
0.000000e+00	
0.000000e+00	
0.000000e+00	
0.000000e+00	
0.000000e+00	
0.000000e+00	
0.000000e+00	
0.000000e+00	
0.000000e+00	
0.000000e+00	
0.000000e+00	
0.000000e+00	
0.000000e+00	
0.000000e+00	
0.000000e+00	
0.000000e+00	
0.000000e+00	
0.000000e+00	
0.000000e+00	
0.000000e+00	
0.000000e+00	
0.000000e+00	
0.000000e+00	
0.000000e+00	
0.000000e+00	
0.000000e+00	
0.000000e+00	
0.000000e+00	
0.000000e+00	
0.000000e+00	
0.000000e+00	
0.000000e+00	
0.000000e+00	
0.000000e+00	
0.000000e+00	
0.000000e+00	
0.000000e+00	
0.000000e+00	
0.000000e+00	
0.000000e+00	
0.000000e+00	
0.000000e+00	
0.000000e+00	
0.000000e+00	
0.000000e+00	
0.000000e+00	
0.000000e+00	
0.000000e+00	
0.000000e+00	
0.000000e+00	
0.000000e+00	
0.000000e+00	
0.000000e+00	
0.000000e+00	
0.000000e+00	
0.000000e+00	
0.000000e+00	
0.000000e+00	
0.000000e+00	
0.000000e+00	
0.000000e+00	
0.000000e+00	
0.000000e+00	
0.000000e+00	
0.000000e+00	
0.000000e+00	
0.000000e+00	
0.000000e+00	
0.000000e+00	
0.000000e+00	
0.000000e+00	
0.000000e+00	
0.000000e+00	
0.000000e+00	
0.000000e+00	
0.000000e+00	
0.000000e+00	
0.000000e+00	
0.000000e+00	
0.000000e+00	
0.000000e+00	
0.000000e+00	
0.000000e+00	
0.000000e+00	
0.000000e+00	
0.000000e+00	
0.000000e+00	
0.000000e+00	
0.000000e+00	
0.000000e+00	
0.000000e+00	
0.000000e+00	
0.000000e+00	
0.000000e+00	
0.000000e+00	
0.000000e+00	
0.000000e+00	
0.000000e+00	
0.000000e+00	
0.000000e+00	
0.000000e+00	
0.000000e+00	
0.000000e+00	
0.000000e+00	
0.000000e+00	
0.000000e+00	
0.000000e+00	
0.000000e+00	
0.000000e+00	
0.000000e+00	
0.000000e+00	
0.000000e+00	
0.000000e+00	
0.000000e+00	
0.000000e+00	
0.000000e+00	
0.000000e+00	
0.000000e+00	
0.000000e+00	
0.000000e+00	
0.000000e+00	
0.000000e+00	
0.000000e+00	
0.000000e+00	
0.000000e+00	
0.000000e+00	
0.000000e+00	
0.000000e+00	
0.000000e+00	
0.000000e+00	
0.000000e+00	
0.000000e+00	
0.000000e+00	
0.000000e+00	
0.000000e+00	
0.000000e+00	
0.000000e+00	
0.000000e+00	
0.000000e+00	
0.000000e+00	
0.000000e+00	
0.000000e+00	
0.000000e+00	
0.000000e+00	
0.000000e+00	
0.000000e+00	
0.000000e+00	
0.000000e+00	
0.000000e+00	
0.000000e+00	
0.000000e+00	
0.000000e+00	
0.000000e+00	
0.000000e+00	
0.000000e+00	
0.000000e+00	
0.000000e+00	
0.000000e+00	
0.000000e+00	
0.000000e+00	
0.000000e+00	
0.000000e+00	
0.000000e+00	
0.000000e+00	
0.000000e+00	
0.000000e+00	
0.000000e+00	
0.000000e+00	
0.000000e+00	
0.000000e+00	
0.000000e+00	
0.000000e+00	
0.000000e+00	
0.000000e+00	
0.000000e+00	
0.000000e+00	
0.000000e+00	
0.000000e+00	
0.000000e+00	
0.000000e+00	
0.000000e+00	
0.000000e+00	
0.000000e+00	
0.000000e+00	
0.000000e+00	
0.000000e+00	
0.000000e+00	
0.000000e+00	
0.000000e+00	
0.000000e+00	
0.000000e+00	
0.000000e+00	
0.000000e+00	
0.000000e+00	
0.000000e+00	
0.000000e+00	
0.000000e+00	
0.000000e+00	
0.000000e+00	
0.000000e+00	
0.000000e+00	
0.000000e+00	
0.000000e+00	
0.000000e+00	
0.000000e+00	
0.000000e+00	
0.000000e+00	
0.000000e+00	
0.000000e+00	
0.000000e+00	
0.000000e+00	
0.000000e+00	
0.000000e+00	
0.000000e+00	
0.000000e+00	
0.000000e+00	
0.000000e+00	
0.000000e+00	
0.000000e+00	
0.000000e+00	
0.000000e+00	
0.000000e+00	
0.000000e+00	
0.000000e+00	
0.000000e+00	
0.000000e+00	
0.000000e+00	
0.000000e+00	
0.000000e+00	
0.000000e+00	
0.000000e+00	
0.000000e+00	
0.000000e+00	
0.000000e+00	
0.000000e+00	
0.000000e+00	
0.000000e+00	
0.000000e+00	
0.000000e+00	
0.000000e+00	
0.000000e+00	
0.000000e+00	
0.000000e+00	
0.000000e+00	
0.000000e+00	
0.000000e+00	
0.000000e+00	
0.000000e+00	
0.000000e+00	
0.000000e+00	
0.000000e+00	
0.000000e+00	
0.000000e+00	
0.000000e+00	
0.000000e+00	
0.000000e+00	
0.000000e+00	
0.000000e+00	
0.000000e+00	
0.000000e+00	
0.000000e+00	
0.000000e+00	
0.000000e+00	
0.000000e+00	
0.000000e+00	
0.000000e+00	
0.000000e+00	
0.000000e+00	
0.000000e+00	
0.000000e+00	
0.000000e+00	
0.000000e+00	
0.000000e+00	
0.000000e+00	
0.000000e+00	
0.000000e+00	
0.000000e+00	
0.000000e+00	
0.000000e+00	
0.000000e+00	
0.000000e+00	
0.000000e+00	
0.000000e+00	
0.000000e+00	
0.000000e+00	
0.000000e+00	
0.000000e+00	
0.000000e+00	
0.000000e+00	
0.000000e+00	
0.000000e+00	
0.000000e+00	
0.000000e+00	
0.000000e+00	
0.000000e+00	
0.000000e+00	
0.000000e+00	
0.000000e+00	
0.000000e+00	
0.000000e+00	
0.000000e+00	
0.000000e+00	
0.000000e+00	
0.000000e+00	
0.000000e+00	
0.000000e+00	
0.000000e+00	
0.000000e+00	
0.000000e+00	
0.000000e+00	
0.000000e+00	
0.000000e+00	
0.000000e+00	
0.000000e+00	
0.000000e+00	
0.000000e+00	
0.000000e+00	
0.000000e+00	
0.000000e+00	
0.000000e+00	
0.000000e+00	
0.000000e+00	
0.000000e+00	
0.000000e+00	
0.000000e+00	
0.000000e+00	
0.000000e+00	
0.000000e+00	
0.000000e+00	
0.000000e+00	
0.000000e+00	
0.000000e+00	
0.000000e+00	
0.000000e+00	
0.000000e+00	
0.000000e+00	
0.000000e+00	
0.000000e+00	
0.000000e+00	
0.000000e+00	
0.000000e+00	
0.000000e+00	
0.000000e+00	
0.000000e+00	
0.000000e+00	
0.000000e+00	
0.000000e+00	
0.000000e+00	
0.000000e+00	
0.000000e+00	
0.000000e+00	
0.000000e+00	
0.000000e+00	
0.000000e+00	
0.000000e+00	
0.000000e+00	
0.000000e+00	
0.000000e+00	
0.000000e+00	
0.000000e+00	
0.000000e+00	
0.000000e+00	
0.000000e+00	
0.000000e+00	
0.000000e+00	
0.000000e+00	
0.000000e+00	
0.000000e+00	
0.000000e+00	
0.000000e+00	
0.000000e+00	
0.000000e+00	
0.000000e+00	
0.000000e+00	
0.000000e+00	
0.000000e+00	
0.000000e+00	
0.000000e+00	
0.000000e+00	
0.000000e+00	
0.000000e+00	
0.000000e+00	
0.000000e+00	
0.000000e+00	
0.000000e+00	
0.000000e+00	
0.000000e+00	
0.000000e+00	
0.000000e+00	
0.000000e+00	
0.000000e+00	
0.000000e+00	
0.000000e+00	
0.000000e+00	
0.000000e+00	
0.000000e+00	
0.000000e+00	
0.000000e+00	
0.000000e+00	
0.000000e+00	
0.000000e+00	
0.000000e+00	
0.000000e+00	
0.000000e+00	
0.000000e+00	
0.000000e+00	
0.000000e+00	
0.000000e+00	
0.000000e+00	
0.000000e+00	
0.000000e+00	
0.000000e+00	
0.000000e+00	
0.000000e+00	
0.000000e+00	
0.000000e+00	
0.000000e+00	
0.000000e+00	
0.000000e+00	
0.000000e+00	
0.000000e+00	
0.000000e+00	
0.000000e+00	
0.000000e+00	
0.000000e+00	
0.000000e+00	
0.000000e+00	
0.000000e+00	
0.000000e+00	
0.000000e+00	
0.000000e+00	
0.000000e+00	
0.000000e+00	
0.000000e+00	
0.000000e+00	
0.000000e+00	
0.000000e+00	
0.000000e+00	
0.000000e+00	
0.000000e+00	
0.000000e+00	
0.000000e+00	
0.000000e+00	
0.000000e+00	
0.000000e+00	
0.000000e+00	
0.000000e+00	
0.000000e+00	
0.000000e+00	
0.000000e+00	
0.000000e+00	
0.000000e+00	
0.000000e+00	
0.000000e+00	
0.000000e+00	
0.000000e+00	
0.000000e+00	
0.000000e+00	
0.000000e+00	
0.000000e+00	
0.000000e+00	
0.000000e+00	
0.000000e+00	
0.000000e+00	
0.000000e+00	
0.000000e+00	
0.000000e+00	
0.000000e+00	
0.000000e+00	
0.000000e+00	
0.000000e+00	
0.000000e+00	
0.000000e+00	
0.000000e+00	
0.000000e+00	
0.000000e+00	
0.000000e+00	
0.000000e+00	
0.000000e+00	
0.000000e+00	
0.000000e+00	
0.000000e+00	
0.000000e+00	
0.000000e+00	
0.000000e+00	
0.000000e+00	
0.000000e+00	
0.000000e+00	
0.000000e+00	
0.000000e+00	
0.000000e+00	
0.000000e+00	
0.000000e+00	
0.000000e+00	
0.000000e+00	
0.000000e+00	
0.000000e+00	
0.000000e+00	
0.000000e+00	
0.000000e+00	
0.000000e+00	
0.000000e+00	
0.000000e+00	
0.000000e+00	
0.000000e+00	
0.000000e+00	
0.000000e+00	
0.000000e+00	
0.000000e+00	
0.000000e+00	
0.000000e+00	
0.000000e+00	
0.000000e+00	
0.000000e+00	
0.000000e+00	
0.000000e+00	
0.000000e+00	
0.000000e+00	
0.000000e+00	
0.000000e+00	
0.000000e+00	
0.000000e+00	
0.000000e+00	
0.000000e+00	
0.000000e+00	
0.000000e+00	
0.000000e+00	
0.000000e+00	
0.000000e+00	
0.000000e+00	
0.000000e+00	
0.000000e+00	
0.000000e+00	
0.000000e+00	
0.000000e+00	
0.000000e+00	
0.000000e+00	
0.000000e+00	
0.000000e+00	
0.000000e+00	
0.000000e+00	
0.000000e+00	
0.000000e+00	
0.000000e+00	
0.000000e+00	
0.000000e+00	
0.000000e+00	
0.000000e+00	
0.000000e+00	
0.000000e+00	
0.000000e+00	
0.000000e+00	
0.000000e+00	
0.000000e+00	
0.000000e+00	
0.000000e+00	
0.000000e+00	
0.000000e+00	
0.000000e+00	
0.000000e+00	
0.000000e+00	
0.000000e+00	
0.000000e+00	
0.000000e+00	
0.000000e+00	
0.000000e+00	
0.000000e+00	
0.000000e+00	
0.000000e+00	
0.000000e+00	
0.000000e+00	
0.000000e+00	
0.000000e+00	
0.000000e+00	
0.000000e+00	
0.000000e+00	
0.000000e+00	
0.000000e+00	
0.000000e+00	
0.000000e+00	
0.000000e+00	
0.000000e+00	
0.000000e+00	
0.000000e+00	
0.000000e+00	
0.000000e+00	
0.000000e+00	
0.000000e+00	
0.000000e+00	
0.000000e+00	
0.000000e+00	
0.000000e+00	
0.000000e+00	
0.000000e+00	
0.000000e+00	
0.000000e+00	
0.000000e+00	
0.000000e+00	
0.000000e+00	
0.000000e+00	
0.000000e+00	
0.000000e+00	
0.000000e+00	
0.000000e+00	
0.000000e+00	
0.000000e+00	
0.000000e+00	
0.000000e+00	
0.000000e+00	
0.000000e+00	
0.000000e+00	
0.000000e+00	
0.000000e+00	
0.000000e+00	
0.000000e+00	
0.000000e+00	
0.000000e+00	
0.000000e+00	
0.000000e+00	
0.000000e+00	
0.000000e+00	
0.000000e+00	
0.000000e+00	
0.000000e+00	
0.000000e+00	
0.000000e+00	
0.000000e+00	
0.000000e+00	
0.000000e+00	
0.000000e+00	
0.000000e+00	
0.000000e+00	
0.000000e+00	
0.000000e+00	
0.000000e+00	
0.000000e+00	
0.000000e+00	
0.000000e+00	
0.000000e+00	
0.000000e+00	
0.000000e+00	
0.000000e+00	
0.000000e+00	
0.000000e+00	
0.000000e+00	
0.000000e+00	
0.000000e+00	
0.000000e+00	
0.000000e+00	
0.000000e+00	
0.000000e+00	
0.000000e+00	
0.000000e+00	
0.000000e+00	
0.000000e+00	
0.000000e+00	
0.000000e+00	
0.000000e+00	
0.000000e+00	
0.000000e+00	
0.000000e+00	
0.000000e+00	
0.000000e+00	
0.000000e+00	
0.000000e+00	
0.000000e+00	
0.000000e+00	
0.000000e+00	
0.000000e+00	
0.000000e+00	
0.000000e+00	
0.000000e+00	
0.000000e+00	
0.000000e+00	
0.000000e+00	
0.000000e+00	
0.000000e+00	
0.000000e+00	
0.000000e+00	
0.000000e+00	
0.000000e+00	
0.000000e+00	
0.000000e+00	
0.000000e+00	
0.000000e+00	
0.000000e+00	
0.000000e+00	
0.000000e+00	
0.000000e+00	
0.000000e+00	
0.000000e+00	
0.000000e+00	
0.000000e+00	
0.000000e+00	
0.000000e+00	
0.000000e+00	
0.000000e+00	
0.000000e+00	
0.000000e+00	
0.000000e+00	
0.000000e+00	
0.000000e+00	
0.000000e+00	
0.000000e+00	
0.000000e+00	
0.000000e+00	
0.000000e+00	
0.000000e+00	
0.000000e+00	
0.000000e+00	
0.000000e+00	
0.000000e+00	
0.000000e+00	
5.649100e-01	
1.129820e+00	
1.694730e+00	
2.259640e+00	
2.824550e+00	
3.389460e+00	
3.954370e+00	
4.519280e+00	
5.084190e+00	
5.649100e+00	
6.214010e+00	
6.778920e+00	
7.343830e+00	
7.908740e+00	
8.473651e+00	
9.038561e+00	
9.603471e+00	
1.016838e+01	
1.073329e+01	
1.129820e+01	
1.186311e+01	
1.242802e+01	
1.299293e+01	
1.355784e+01	
1.412275e+01	
1.468766e+01	
1.525257e+01	
1.581748e+01	
1.638239e+01	
1.694730e+01	
1.751221e+01	
1.807712e+01	
1.864203e+01	
1.920694e+01	
1.977185e+01	
2.033676e+01	
2.090167e+01	
2.146658e+01	
2.203149e+01	
2.259640e+01	
2.316131e+01	
2.372622e+01	
2.429113e+01	
2.485604e+01	
2.542095e+01	
2.598586e+01	
2.655077e+01	
2.711568e+01	
2.768059e+01	
2.824550e+01	
2.881041e+01	
2.937532e+01	
2.994023e+01	
3.050514e+01	
3.107005e+01	
3.163496e+01	
3.219987e+01	
3.276478e+01	
3.332969e+01	
3.389460e+01	
3.445951e+01	
3.502442e+01	
3.558933e+01	
3.615424e+01	
3.671915e+01	
3.728406e+01	
3.784897e+01	
3.841388e+01	
3.897879e+01	
3.954370e+01	
4.010861e+01	
4.067352e+01	
4.123843e+01	
4.180334e+01	
4.236825e+01	
4.293316e+01	
4.349807e+01	
4.406298e+01	
4.462789e+01	
4.519280e+01	
4.575771e+01	
4.632262e+01	
4.688753e+01	
4.745244e+01	
4.801735e+01	
4.858226e+01	
4.914717e+01	
4.971208e+01	
5.027699e+01	
5.084190e+01	
5.140681e+01	
5.197172e+01	
5.253663e+01	
5.310154e+01	
5.366645e+01	
5.423136e+01	
5.479627e+01	
5.536118e+01	
5.592609e+01	
5.649100e+01	
5.705591e+01	
5.762082e+01	
5.818573e+01	
5.875064e+01	
5.931555e+01	
5.988046e+01	
6.044537e+01	
6.101028e+01	
6.157519e+01	
6.214010e+01	
6.270501e+01	
6.326992e+01	
6.383483e+01	
6.439974e+01	
6.496465e+01	
6.552956e+01	
6.609447e+01	
6.665938e+01	
6.722429e+01	
6.778920e+01	
6.835411e+01	
6.891902e+01	
6.948393e+01	
7.004884e+01	
7.061375e+01	
7.117866e+01	
7.174357e+01	
7.230848e+01	
7.287339e+01	
7.343830e+01	
7.400321e+01	
7.456812e+01	
7.513303e+01	
7.569794e+01	
7.626285e+01	
7.682776e+01	
7.739267e+01	
7.795758e+01	
7.852249e+01	
7.908740e+01	
7.965231e+01	
8.021722e+01	
8.078213e+01	
8.134704e+01	
8.191195e+01	
8.247687e+01	
8.304178e+01	
8.360669e+01	
8.417160e+01	
8.473651e+01	
8.530142e+01	
8.586633e+01	
8.643124e+01	
8.699615e+01	
8.756106e+01	
8.812597e+01	
8.869088e+01	
8.925579e+01	
8.982070e+01	
9.038561e+01	
9.095052e+01	
9.151543e+01	
9.208034e+01	
9.264525e+01	
9.321016e+01	
9.377507e+01	
9.433998e+01	
9.490489e+01	
9.546980e+01	
9.603471e+01	
9.659962e+01	
9.716453e+01	
9.772944e+01	
9.829435e+01	
9.885926e+01	
9.942417e+01	
9.998908e+01	
1.005540e+02	
1.011189e+02	
1.016838e+02	
1.022487e+02	
1.028136e+02	
1.033785e+02	
1.039434e+02	
1.045084e+02	
1.050733e+02	
1.056382e+02	
1.062031e+02	
1.067680e+02	
1.073329e+02	
1.078978e+02	
1.084627e+02	
1.090276e+02	
1.095925e+02	
1.101575e+02	
1.107224e+02	
1.112873e+02	
1.118522e+02	
1.124171e+02	
1.129820e+02	
1.135469e+02	
1.141118e+02	
1.146767e+02	
1.152416e+02	
1.158066e+02	
1.163715e+02	
1.169364e+02	
1.175013e+02	
1.180662e+02	
1.186311e+02	
1.191960e+02	
1.197609e+02	
1.203258e+02	
1.208907e+02	
1.214557e+02	
1.220206e+02	
1.225855e+02	
1.231504e+02	
1.237153e+02	
1.242802e+02	
1.248451e+02	
1.254100e+02	
1.259749e+02	
1.265398e+02	
1.271048e+02	
1.276697e+02	
1.282346e+02	
1.287995e+02	
1.293644e+02	
1.299293e+02	
1.304942e+02	
1.310591e+02	
1.316240e+02	
1.321889e+02	
1.327539e+02	
1.333188e+02	
1.338837e+02	
1.344486e+02	
1.350135e+02	
1.355784e+02	
1.361433e+02	
1.367082e+02	
1.372731e+02	
1.378380e+02	
1.384030e+02	
1.389679e+02	
1.395328e+02	
1.400977e+02	
1.406626e+02	
1.412275e+02	
1.417924e+02	
1.423573e+02	
1.429222e+02	
1.434871e+02	
1.440521e+02	
1.446170e+02	
1.451819e+02	
1.457468e+02	
1.463117e+02	
1.468766e+02	
1.474415e+02	
1.480064e+02	
1.485713e+02	
1.491362e+02	
1.497012e+02	
1.502661e+02	
1.508310e+02	
1.513959e+02	
1.519608e+02	
1.525257e+02	
1.530906e+02	
1.536555e+02	
1.542204e+02	
1.547853e+02	
1.553503e+02	
1.559152e+02	
1.564801e+02	
1.570450e+02	
1.576099e+02	
1.581748e+02	
1.587397e+02	
1.593046e+02	
1.598695e+02	
1.604344e+02	
1.609994e+02	
1.615643e+02	
1.621292e+02	
1.626941e+02	
1.632590e+02	
1.638239e+02	
1.643888e+02	
1.649537e+02	
1.655186e+02	
1.660836e+02	
1.666485e+02	
1.672134e+02	
1.677783e+02	
1.683432e+02	
1.689081e+02	
1.694730e+02	
1.700379e+02	
1.706028e+02	
1.711677e+02	
1.717327e+02	
1.722976e+02	
1.728625e+02	
1.734274e+02	
1.739923e+02	
1.745572e+02	
1.751221e+02	
1.756870e+02	
1.762519e+02	
1.768168e+02	
1.773818e+02	
1.779467e+02	
1.785116e+02	
1.790765e+02	
1.796414e+02	
1.802063e+02	
1.807712e+02	
1.813361e+02	
1.819010e+02	
1.824659e+02	
1.830309e+02	
1.835958e+02	
1.841607e+02	
1.847256e+02	
1.852905e+02	
1.858554e+02	
1.864203e+02	
1.869852e+02	
1.875501e+02	
1.881150e+02	
1.886800e+02	
1.892449e+02	
1.898098e+02	
1.903747e+02	
1.909396e+02	
1.915045e+02	
1.920694e+02	
1.926343e+02	
1.931992e+02	
1.937641e+02	
1.943291e+02	
1.948940e+02	
1.954589e+02	
1.960238e+02	
1.965887e+02	
1.971536e+02	
1.977185e+02	
1.982834e+02	
1.988483e+02	
1.994132e+02	
2.000000e+02	
2.000000e+02	
2.000000e+02	
2.000000e+02	
2.000000e+02	
2.000000e+02	
2.000000e+02	
2.000000e+02	
2.000000e+02	
2.000000e+02	
2.000000e+02	
2.000000e+02	
2.000000e+02	
2.000000e+02	
2.000000e+02	
2.000000e+02	
2.000000e+02	
2.000000e+02	
2.000000e+02	
2.000000e+02	
2.000000e+02	
2.000000e+02	
2.000000e+02	
2.000000e+02	
2.000000e+02	
2.000000e+02	
2.000000e+02	
2.000000e+02	
2.000000e+02	
2.000000e+02	
2.000000e+02	
2.000000e+02	
2.000000e+02	
2.000000e+02	
2.000000e+02	
2.000000e+02	
2.000000e+02	
2.000000e+02	
2.000000e+02	
2.000000e+02	
2.000000e+02	
2.000000e+02	
2.000000e+02	
2.000000e+02	
2.000000e+02	
2.000000e+02	
2.000000e+02	
2.000000e+02	
2.000000e+02	
2.000000e+02	
2.000000e+02	
2.000000e+02	
2.000000e+02	
2.000000e+02	
2.000000e+02	
2.000000e+02	
2.000000e+02	
2.000000e+02	
2.000000e+02	
2.000000e+02	
2.000000e+02	
2.000000e+02	
2.000000e+02	
2.000000e+02	
2.000000e+02	
2.000000e+02	
2.000000e+02	
2.000000e+02	
2.000000e+02	
2.000000e+02	
2.000000e+02	
2.000000e+02	
2.000000e+02	
2.000000e+02	
2.000000e+02	
2.000000e+02	
2.000000e+02	
2.000000e+02	
2.000000e+02	
2.000000e+02	
2.000000e+02	
2.000000e+02	
2.000000e+02	
2.000000e+02	
2.000000e+02	
2.000000e+02	
2.000000e+02	
2.000000e+02	
2.000000e+02	
2.000000e+02	
2.000000e+02	
2.000000e+02	
2.000000e+02	
2.000000e+02	
2.000000e+02	
2.000000e+02	
2.000000e+02	
2.000000e+02	
2.000000e+02	
2.000000e+02	
2.000000e+02	
2.000000e+02	
2.000000e+02	
2.000000e+02	
2.000000e+02	
2.000000e+02	
2.000000e+02	
2.000000e+02	
2.000000e+02	
2.000000e+02	
2.000000e+02	
2.000000e+02	
2.000000e+02	
2.000000e+02	
2.000000e+02	
2.000000e+02	
2.000000e+02	
2.000000e+02	
2.000000e+02	
2.000000e+02	
1.994351e+02	
1.988702e+02	
1.983053e+02	
1.977404e+02	
1.971754e+02	
1.966105e+02	
1.960456e+02	
1.954807e+02	
1.949158e+02	
1.943509e+02	
1.937860e+02	
1.932211e+02	
1.926562e+02	
1.920913e+02	
1.915263e+02	
1.909614e+02	
1.903965e+02	
1.898316e+02	
1.892667e+02	
1.887018e+02	
1.881369e+02	
1.875720e+02	
1.870071e+02	
1.864422e+02	
1.858772e+02	
1.853123e+02	
1.847474e+02	
1.841825e+02	
1.836176e+02	
1.830527e+02	
1.824878e+02	
1.819229e+02	
1.813580e+02	
1.807931e+02	
1.802281e+02	
1.796632e+02	
1.790983e+02	
1.785334e+02	
1.779685e+02	
1.774036e+02	
1.768387e+02	
1.762738e+02	
1.757089e+02	
1.751440e+02	
1.745790e+02	
1.740141e+02	
1.734492e+02	
1.728843e+02	
1.723194e+02	
1.717545e+02	
1.711896e+02	
1.706247e+02	
1.700598e+02	
1.694949e+02	
1.689299e+02	
1.683650e+02	
1.678001e+02	
1.672352e+02	
1.666703e+02	
1.661054e+02	
1.655405e+02	
1.649756e+02	
1.644107e+02	
1.638458e+02	
1.632808e+02	
1.627159e+02	
1.621510e+02	
1.615861e+02	
1.610212e+02	
1.604563e+02	
1.598914e+02	
1.593265e+02	
1.587616e+02	
1.581967e+02	
1.576317e+02	
1.570668e+02	
1.565019e+02	
1.559370e+02	
1.553721e+02	
1.548072e+02	
1.542423e+02	
1.536774e+02	
1.531125e+02	
1.525476e+02	
1.519826e+02	
1.514177e+02	
1.508528e+02	
1.502879e+02	
1.497230e+02	
1.491581e+02	
1.485932e+02	
1.480283e+02	
1.474634e+02	
1.468985e+02	
1.463335e+02	
1.457686e+02	
1.452037e+02	
1.446388e+02	
1.440739e+02	
1.435090e+02	
1.429441e+02	
1.423792e+02	
1.418143e+02	
1.412494e+02	
1.406844e+02	
1.401195e+02	
1.395546e+02	
1.389897e+02	
1.384248e+02	
1.378599e+02	
1.372950e+02	
1.367301e+02	
1.361652e+02	
1.356003e+02	
1.350353e+02	
1.344704e+02	
1.339055e+02	
1.333406e+02	
1.327757e+02	
1.322108e+02	
1.316459e+02	
1.310810e+02	
1.305161e+02	
1.299512e+02	
1.293862e+02	
1.288213e+02	
1.282564e+02	
1.276915e+02	
1.271266e+02	
1.265617e+02	
1.259968e+02	
1.254319e+02	
1.248670e+02	
1.243021e+02	
1.237371e+02	
1.231722e+02	
1.226073e+02	
1.220424e+02	
1.214775e+02	
1.209126e+02	
1.203477e+02	
1.197828e+02	
1.192179e+02	
1.186530e+02	
1.180880e+02	
1.175231e+02	
1.169582e+02	
1.163933e+02	
1.158284e+02	
1.152635e+02	
1.146986e+02	
1.141337e+02	
1.135688e+02	
1.130039e+02	
1.124389e+02	
1.118740e+02	
1.113091e+02	
1.107442e+02	
1.101793e+02	
1.096144e+02	
1.090495e+02	
1.084846e+02	
1.079197e+02	
1.073548e+02	
1.067898e+02	
1.062249e+02	
1.056600e+02	
1.050951e+02	
1.045302e+02	
1.039653e+02	
1.034004e+02	
1.028355e+02	
1.022706e+02	
1.017057e+02	
1.011407e+02	
1.005758e+02	
1.000109e+02	
9.944601e+01	
9.888110e+01	
9.831619e+01	
9.775128e+01	
9.718637e+01	
9.662146e+01	
9.605655e+01	
9.549164e+01	
9.492673e+01	
9.436182e+01	
9.379691e+01	
9.323200e+01	
9.266709e+01	
9.210218e+01	
9.153727e+01	
9.097236e+01	
9.040745e+01	
8.984254e+01	
8.927763e+01	
8.871272e+01	
8.814781e+01	
8.758290e+01	
8.701799e+01	
8.645308e+01	
8.588817e+01	
8.532326e+01	
8.475835e+01	
8.419344e+01	
8.362853e+01	
8.306362e+01	
8.249871e+01	
8.193380e+01	
8.136889e+01	
8.080398e+01	
8.023907e+01	
7.967416e+01	
7.910925e+01	
7.854434e+01	
7.797943e+01	
7.741452e+01	
7.684961e+01	
7.628470e+01	
7.571979e+01	
7.515488e+01	
7.458997e+01	
7.402506e+01	
7.346015e+01	
7.289524e+01	
7.233033e+01	
7.176542e+01	
7.120051e+01	
7.063560e+01	
7.007069e+01	
6.950578e+01	
6.894087e+01	
6.837596e+01	
6.781105e+01	
6.724614e+01	
6.668123e+01	
6.611632e+01	
6.555141e+01	
6.498650e+01	
6.442159e+01	
6.385668e+01	
6.329177e+01	
6.272686e+01	
6.216195e+01	
6.159704e+01	
6.103213e+01	
6.046722e+01	
5.990231e+01	
5.933740e+01	
5.877249e+01	
5.820758e+01	
5.764267e+01	
5.707776e+01	
5.651285e+01	
5.594794e+01	
5.538303e+01	
5.481812e+01	
5.425321e+01	
5.368830e+01	
5.312339e+01	
5.255848e+01	
5.199357e+01	
5.142866e+01	
5.086375e+01	
5.029884e+01	
4.973393e+01	
4.916902e+01	
4.860411e+01	
4.803920e+01	
4.747429e+01	
4.690938e+01	
4.634447e+01	
4.577956e+01	
4.521465e+01	
4.464974e+01	
4.408483e+01	
4.351992e+01	
4.295501e+01	
4.239010e+01	
4.182519e+01	
4.126028e+01	
4.069537e+01	
4.013046e+01	
3.956555e+01	
3.900064e+01	
3.843573e+01	
3.787082e+01	
3.730591e+01	
3.674100e+01	
3.617609e+01	
3.561118e+01	
3.504627e+01	
3.448136e+01	
3.391645e+01	
3.335154e+01	
3.278663e+01	
3.222172e+01	
3.165681e+01	
3.109190e+01	
3.052699e+01	
2.996208e+01	
2.939717e+01	
2.883226e+01	
2.826735e+01	
2.770244e+01	
2.713753e+01	
2.657262e+01	
2.600771e+01	
2.544280e+01	
2.487789e+01	
2.431298e+01	
2.374807e+01	
2.318316e+01	
2.261825e+01	
2.205334e+01	
2.148843e+01	
2.092352e+01	
2.035861e+01	
1.979370e+01	
1.922879e+01	
1.866388e+01	
1.809897e+01	
1.753406e+01	
1.696915e+01	
1.640424e+01	
1.583933e+01	
1.527442e+01	
1.470951e+01	
1.414460e+01	
1.357969e+01	
1.301478e+01	
1.244987e+01	
1.188496e+01	
1.132005e+01	
1.075514e+01	
1.019023e+01	
9.625318e+00	
9.060408e+00	
8.495498e+00	
7.930588e+00	
7.365678e+00	
6.800768e+00	
6.235858e+00	
5.670948e+00	
5.106038e+00	
4.541128e+00	
3.976218e+00	
3.411308e+00	
2.846398e+00	
2.281488e+00	
1.716578e+00	
1.151668e+00	
5.867579e-01	
