#    
#    

#------------ Paramètres ------------
type_calcul : ELLIPSO
Pola    : TM
n_super = 1.000000 + i0.000000
n_sub   = 1.732051 + i0.000000
L       = 3.900000
h       = 0.500000
coef_h  = 1.000000
lambda  = 1.000000
angle_i = 0.523599
N       = 15
NS      = 50
delta_h = 0.000500
Nstep   = 1000
N_x = 256

#------------ Efficacités -------------
somm_eff          =  1.000000e-00
un_moins_somm_eff =  9.296987e-09
somm_eff_R        =  4.634587e-02
somm_eff_T        =  9.536541e-01
eff_R       =  4.706725e-05  1.234663e-03  8.221191e-03  1.817456e-02  8.585069e-03  1.311716e-03  8.771600e-03 
N_eff_R     = -5.000000e+00 -4.000000e+00 -3.000000e+00 -2.000000e+00 -1.000000e+00  0.000000e+00  1.000000e+00 
theta_eff_R = -5.144877e+01 -3.171141e+01 -1.561850e+01 -7.345807e-01  1.409851e+01  3.000000e+01  4.914875e+01 
eff_T       =  5.330433e-09  8.069574e-08  7.770582e-09  1.024701e-07  2.225943e-05  1.271739e-03  2.667376e-02  2.156885e-01  4.129899e-01  2.779811e-01  1.835081e-02  4.705349e-04  2.053410e-04 
N_eff_T     = -8.000000e+00 -7.000000e+00 -6.000000e+00 -5.000000e+00 -4.000000e+00 -3.000000e+00 -2.000000e+00 -1.000000e+00  0.000000e+00  1.000000e+00  2.000000e+00  3.000000e+00  4.000000e+00 
theta_eff_T = -6.358985e+01 -4.838243e+01 -3.683810e+01 -2.684108e+01 -1.766668e+01 -8.942340e+00 -4.241026e-01  8.084685e+00  1.677865e+01  2.589438e+01  3.578548e+01  4.712086e+01  6.174254e+01 
Re_Ai =  0.000000e+00  0.000000e+00  0.000000e+00  0.000000e+00  0.000000e+00  0.000000e+00  0.000000e+00  0.000000e+00  0.000000e+00  0.000000e+00  0.000000e+00  0.000000e+00  0.000000e+00  0.000000e+00  0.000000e+00  1.000000e+00  0.000000e+00  0.000000e+00  0.000000e+00  0.000000e+00  0.000000e+00  0.000000e+00  0.000000e+00  0.000000e+00  0.000000e+00  0.000000e+00  0.000000e+00  0.000000e+00  0.000000e+00  0.000000e+00  0.000000e+00 
Im_Ai =  0.000000e+00  0.000000e+00  0.000000e+00  0.000000e+00  0.000000e+00  0.000000e+00  0.000000e+00  0.000000e+00  0.000000e+00  0.000000e+00  0.000000e+00  0.000000e+00  0.000000e+00  0.000000e+00  0.000000e+00  0.000000e+00  0.000000e+00  0.000000e+00  0.000000e+00  0.000000e+00  0.000000e+00  0.000000e+00  0.000000e+00  0.000000e+00  0.000000e+00  0.000000e+00  0.000000e+00  0.000000e+00  0.000000e+00  0.000000e+00  0.000000e+00 
Re_A0 = -1.361027e-06  6.674918e-07  2.358319e-07 -1.858957e-06  5.127200e-06 -1.127656e-05  2.372965e-05 -4.899139e-05  7.735505e-05 -2.696741e-04 -5.336467e-03 -3.242291e-02  2.196552e-02  1.227941e-01 -2.244929e-02  3.318677e-02 -7.467073e-02 -1.817073e-02 -6.834995e-04 -3.923294e-04  3.666278e-04 -1.927559e-04  7.313808e-05 -1.887668e-05  3.172942e-07  3.609218e-06 -2.940583e-06  1.518150e-06 -4.695934e-07 -5.560025e-08  2.926757e-07 
Im_A0 = -7.669551e-06  7.558770e-06 -7.376091e-06  6.836816e-06 -6.187502e-06  6.060226e-06 -7.392650e-06  1.220619e-05 -8.596641e-06 -1.801617e-04 -6.076784e-03  1.434053e-02  8.312790e-02 -2.574001e-02 -8.462756e-02 -1.450358e-02 -7.770383e-02 -7.124519e-02  1.505142e-02 -5.177261e-03  1.780442e-03 -5.759272e-04  1.783065e-04 -5.404143e-05  1.594288e-05 -3.609123e-06 -1.299828e-06  3.881607e-06 -5.471330e-06  6.557938e-06 -7.451702e-06 
Re_Ah =  5.700506e-06  4.707221e-06  4.196325e-06  3.774745e-06  3.708794e-06  9.394193e-06  5.040947e-05  1.337977e-04 -3.295211e-04  1.094330e-04 -3.890429e-04 -3.893907e-03  3.515812e-02  1.163742e-01 -4.543530e-01 -5.443421e-01 -4.134348e-01  1.636848e-01 -2.143955e-02  1.196548e-02 -1.019307e-03  1.672340e-04  1.072031e-04  5.847931e-05  2.950255e-05  1.206289e-05  1.699529e-06 -4.136428e-06 -7.215537e-06 -8.754118e-06 -9.697689e-06 
Im_Ah = -8.010885e-06 -7.287659e-06 -5.718020e-06 -2.053725e-06  5.227070e-06  1.957635e-05  4.148483e-05  8.617303e-06  2.714181e-04 -5.087438e-05  1.446035e-04 -4.458618e-03 -2.636262e-02  1.626923e-01  3.469062e-01 -5.922184e-01  5.409059e-01  8.449562e-02 -2.403326e-02  2.252592e-02 -2.209125e-03 -3.284373e-04 -7.129328e-05  4.986355e-08  1.646942e-05  1.670891e-05  1.237478e-05  7.836912e-06  4.512054e-06  2.402617e-06  1.107913e-06 
effR_s  =  4.574791e-05  1.135497e-03  8.068940e-03  2.080385e-02  1.281040e-02  2.960847e-03  5.077438e-02 
effR_p  =  4.706725e-05  1.234663e-03  8.221191e-03  1.817456e-02  8.585069e-03  1.311716e-03  8.771600e-03 
delta_s =  4.354626e+01 -2.537843e+01 -1.052578e+02  1.682943e+02  7.675548e+01  1.477517e+02  4.263748e+01 
delta_p = -1.312887e+02  1.561404e+02  7.519859e+01 -1.183889e+01 -1.048568e+02 -2.360672e+01 -1.338596e+02 
delta   =  1.748350e+02  1.784812e+02  1.795436e+02 -1.798669e+02 -1.783878e+02  1.713584e+02  1.764971e+02 