N_x = 512
type_profil = MULTICOUCHES
N_layers = 2
profil = 
5.000000e+01	0.000000e+00	0.000000e+00	
5.275850e+01	2.758497e+00	0.000000e+00	
5.551699e+01	5.516995e+00	0.000000e+00	
5.827549e+01	8.275492e+00	0.000000e+00	
6.103399e+01	1.103399e+01	0.000000e+00	
6.379249e+01	1.379249e+01	0.000000e+00	
6.655098e+01	1.655098e+01	0.000000e+00	
6.930948e+01	1.930948e+01	0.000000e+00	
7.206798e+01	2.206798e+01	0.000000e+00	
7.482648e+01	2.482648e+01	0.000000e+00	
7.758497e+01	2.758497e+01	0.000000e+00	
8.034347e+01	3.034347e+01	0.000000e+00	
8.310197e+01	3.310197e+01	0.000000e+00	
8.586047e+01	3.586047e+01	0.000000e+00	
8.861896e+01	3.861896e+01	0.000000e+00	
9.137746e+01	4.137746e+01	0.000000e+00	
9.413596e+01	4.413596e+01	0.000000e+00	
9.689446e+01	4.689446e+01	0.000000e+00	
9.965295e+01	4.965295e+01	0.000000e+00	
1.024114e+02	5.241145e+01	0.000000e+00	
1.051699e+02	5.516995e+01	0.000000e+00	
1.079284e+02	5.792844e+01	0.000000e+00	
1.106869e+02	6.068694e+01	0.000000e+00	
1.134454e+02	6.344544e+01	0.000000e+00	
1.162039e+02	6.620394e+01	0.000000e+00	
1.189624e+02	6.896243e+01	0.000000e+00	
1.217209e+02	7.172093e+01	0.000000e+00	
1.244794e+02	7.447943e+01	0.000000e+00	
1.272379e+02	7.723793e+01	0.000000e+00	
1.299964e+02	7.999642e+01	0.000000e+00	
1.327549e+02	8.275492e+01	0.000000e+00	
1.355134e+02	8.551342e+01	0.000000e+00	
1.382719e+02	8.827192e+01	0.000000e+00	
1.410304e+02	9.103041e+01	0.000000e+00	
1.437889e+02	9.378891e+01	0.000000e+00	
1.465474e+02	9.654741e+01	0.000000e+00	
1.493059e+02	9.930590e+01	0.000000e+00	
1.520644e+02	1.020644e+02	0.000000e+00	
1.548229e+02	1.048229e+02	0.000000e+00	
1.575814e+02	1.075814e+02	0.000000e+00	
1.603399e+02	1.103399e+02	0.000000e+00	
1.630984e+02	1.130984e+02	0.000000e+00	
1.658569e+02	1.158569e+02	0.000000e+00	
1.686154e+02	1.186154e+02	0.000000e+00	
1.713739e+02	1.213739e+02	0.000000e+00	
1.741324e+02	1.241324e+02	0.000000e+00	
1.768909e+02	1.268909e+02	0.000000e+00	
1.796494e+02	1.296494e+02	0.000000e+00	
1.824079e+02	1.324079e+02	0.000000e+00	
1.851664e+02	1.351664e+02	0.000000e+00	
1.879249e+02	1.379249e+02	0.000000e+00	
1.906834e+02	1.406834e+02	0.000000e+00	
1.934419e+02	1.434419e+02	0.000000e+00	
1.962004e+02	1.462004e+02	0.000000e+00	
1.989589e+02	1.489589e+02	0.000000e+00	
2.017174e+02	1.517174e+02	0.000000e+00	
2.044759e+02	1.544759e+02	0.000000e+00	
2.072343e+02	1.572343e+02	0.000000e+00	
2.099928e+02	1.599928e+02	0.000000e+00	
2.127513e+02	1.627513e+02	0.000000e+00	
2.155098e+02	1.655098e+02	0.000000e+00	
2.182683e+02	1.682683e+02	0.000000e+00	
2.210268e+02	1.710268e+02	0.000000e+00	
2.237853e+02	1.737853e+02	0.000000e+00	
2.265438e+02	1.765438e+02	0.000000e+00	
2.293023e+02	1.793023e+02	0.000000e+00	
2.320608e+02	1.820608e+02	0.000000e+00	
2.348193e+02	1.848193e+02	0.000000e+00	
2.375778e+02	1.875778e+02	0.000000e+00	
2.403363e+02	1.903363e+02	0.000000e+00	
2.430948e+02	1.930948e+02	0.000000e+00	
2.458533e+02	1.958533e+02	0.000000e+00	
2.486118e+02	1.986118e+02	0.000000e+00	
2.513703e+02	2.013703e+02	0.000000e+00	
2.541288e+02	2.041288e+02	0.000000e+00	
2.568873e+02	2.068873e+02	0.000000e+00	
2.596458e+02	2.096458e+02	0.000000e+00	
2.624043e+02	2.124043e+02	0.000000e+00	
2.651628e+02	2.151628e+02	0.000000e+00	
2.679213e+02	2.179213e+02	0.000000e+00	
2.706798e+02	2.206798e+02	0.000000e+00	
2.734383e+02	2.234383e+02	0.000000e+00	
2.761968e+02	2.261968e+02	0.000000e+00	
2.789553e+02	2.289553e+02	0.000000e+00	
2.817138e+02	2.317138e+02	0.000000e+00	
2.844723e+02	2.344723e+02	0.000000e+00	
2.872308e+02	2.372308e+02	0.000000e+00	
2.899893e+02	2.399893e+02	0.000000e+00	
2.927478e+02	2.427478e+02	0.000000e+00	
2.955063e+02	2.455063e+02	0.000000e+00	
2.982648e+02	2.482648e+02	0.000000e+00	
3.010233e+02	2.510233e+02	0.000000e+00	
3.037818e+02	2.537818e+02	0.000000e+00	
3.065403e+02	2.565403e+02	0.000000e+00	
3.092988e+02	2.592988e+02	0.000000e+00	
3.120572e+02	2.620572e+02	0.000000e+00	
3.148157e+02	2.648157e+02	0.000000e+00	
3.175742e+02	2.675742e+02	0.000000e+00	
3.203327e+02	2.703327e+02	0.000000e+00	
3.230912e+02	2.730912e+02	0.000000e+00	
3.258497e+02	2.758497e+02	0.000000e+00	
3.286082e+02	2.786082e+02	0.000000e+00	
3.313667e+02	2.813667e+02	0.000000e+00	
3.341252e+02	2.841252e+02	0.000000e+00	
3.368837e+02	2.868837e+02	0.000000e+00	
3.396422e+02	2.896422e+02	0.000000e+00	
3.424007e+02	2.924007e+02	0.000000e+00	
3.451592e+02	2.951592e+02	0.000000e+00	
3.479177e+02	2.979177e+02	0.000000e+00	
3.506762e+02	3.006762e+02	0.000000e+00	
3.534347e+02	3.034347e+02	0.000000e+00	
3.561932e+02	3.061932e+02	0.000000e+00	
3.589517e+02	3.089517e+02	0.000000e+00	
3.617102e+02	3.117102e+02	0.000000e+00	
3.644687e+02	3.144687e+02	0.000000e+00	
3.672272e+02	3.172272e+02	0.000000e+00	
3.699857e+02	3.199857e+02	0.000000e+00	
3.727442e+02	3.227442e+02	0.000000e+00	
3.755027e+02	3.255027e+02	0.000000e+00	
3.782612e+02	3.282612e+02	0.000000e+00	
3.810197e+02	3.310197e+02	0.000000e+00	
3.837782e+02	3.337782e+02	0.000000e+00	
3.865367e+02	3.365367e+02	0.000000e+00	
3.892952e+02	3.392952e+02	0.000000e+00	
3.920537e+02	3.420537e+02	0.000000e+00	
3.948122e+02	3.448122e+02	0.000000e+00	
3.975707e+02	3.475707e+02	0.000000e+00	
4.003292e+02	3.503292e+02	0.000000e+00	
4.030877e+02	3.530877e+02	0.000000e+00	
4.058462e+02	3.558462e+02	0.000000e+00	
4.086047e+02	3.586047e+02	0.000000e+00	
4.113632e+02	3.613632e+02	0.000000e+00	
4.141217e+02	3.641217e+02	0.000000e+00	
4.168801e+02	3.668801e+02	0.000000e+00	
4.196386e+02	3.696386e+02	0.000000e+00	
4.223971e+02	3.723971e+02	0.000000e+00	
4.251556e+02	3.751556e+02	0.000000e+00	
4.279141e+02	3.779141e+02	0.000000e+00	
4.306726e+02	3.806726e+02	0.000000e+00	
4.334311e+02	3.834311e+02	0.000000e+00	
4.361896e+02	3.861896e+02	0.000000e+00	
4.389481e+02	3.889481e+02	0.000000e+00	
4.417066e+02	3.917066e+02	0.000000e+00	
4.444651e+02	3.944651e+02	0.000000e+00	
4.472236e+02	3.972236e+02	0.000000e+00	
4.499821e+02	3.999821e+02	0.000000e+00	
4.527406e+02	4.027406e+02	0.000000e+00	
4.554991e+02	4.054991e+02	0.000000e+00	
4.582576e+02	4.082576e+02	0.000000e+00	
4.610161e+02	4.110161e+02	0.000000e+00	
4.637746e+02	4.137746e+02	0.000000e+00	
4.665331e+02	4.165331e+02	0.000000e+00	
4.692916e+02	4.192916e+02	0.000000e+00	
4.720501e+02	4.220501e+02	0.000000e+00	
4.748086e+02	4.248086e+02	0.000000e+00	
4.775671e+02	4.275671e+02	0.000000e+00	
4.803256e+02	4.303256e+02	0.000000e+00	
4.830841e+02	4.330841e+02	0.000000e+00	
4.858426e+02	4.358426e+02	0.000000e+00	
4.886011e+02	4.386011e+02	0.000000e+00	
4.913596e+02	4.413596e+02	0.000000e+00	
4.941181e+02	4.441181e+02	0.000000e+00	
4.968766e+02	4.468766e+02	0.000000e+00	
4.996351e+02	4.496351e+02	0.000000e+00	
5.023936e+02	4.523936e+02	0.000000e+00	
5.051521e+02	4.551521e+02	0.000000e+00	
5.079106e+02	4.579106e+02	0.000000e+00	
5.106691e+02	4.606691e+02	0.000000e+00	
5.134276e+02	4.634276e+02	0.000000e+00	
5.161861e+02	4.661861e+02	0.000000e+00	
5.189446e+02	4.689446e+02	0.000000e+00	
5.217030e+02	4.717030e+02	0.000000e+00	
5.244615e+02	4.744615e+02	0.000000e+00	
5.272200e+02	4.772200e+02	0.000000e+00	
5.299785e+02	4.799785e+02	0.000000e+00	
5.327370e+02	4.827370e+02	0.000000e+00	
5.354955e+02	4.854955e+02	0.000000e+00	
5.382540e+02	4.882540e+02	0.000000e+00	
5.410125e+02	4.910125e+02	0.000000e+00	
5.437710e+02	4.937710e+02	0.000000e+00	
5.465295e+02	4.965295e+02	0.000000e+00	
5.492880e+02	4.992880e+02	0.000000e+00	
5.520465e+02	5.020465e+02	0.000000e+00	
5.548050e+02	5.048050e+02	0.000000e+00	
5.575635e+02	5.075635e+02	0.000000e+00	
5.603220e+02	5.103220e+02	0.000000e+00	
5.630805e+02	5.130805e+02	0.000000e+00	
5.658390e+02	5.158390e+02	0.000000e+00	
5.685975e+02	5.185975e+02	0.000000e+00	
5.713560e+02	5.213560e+02	0.000000e+00	
5.741145e+02	5.241145e+02	0.000000e+00	
5.768730e+02	5.268730e+02	0.000000e+00	
5.796315e+02	5.296315e+02	0.000000e+00	
5.823900e+02	5.323900e+02	0.000000e+00	
5.851485e+02	5.351485e+02	0.000000e+00	
5.879070e+02	5.379070e+02	0.000000e+00	
5.906655e+02	5.406655e+02	0.000000e+00	
5.934240e+02	5.434240e+02	0.000000e+00	
5.961825e+02	5.461825e+02	0.000000e+00	
5.989410e+02	5.489410e+02	0.000000e+00	
6.016995e+02	5.516995e+02	0.000000e+00	
6.044580e+02	5.544580e+02	0.000000e+00	
6.072165e+02	5.572165e+02	0.000000e+00	
6.099750e+02	5.599750e+02	0.000000e+00	
6.127335e+02	5.627335e+02	0.000000e+00	
6.154920e+02	5.654920e+02	0.000000e+00	
6.182505e+02	5.682505e+02	0.000000e+00	
6.210090e+02	5.710090e+02	0.000000e+00	
6.237675e+02	5.737675e+02	0.000000e+00	
6.265259e+02	5.765259e+02	0.000000e+00	
6.292844e+02	5.792844e+02	0.000000e+00	
6.320429e+02	5.820429e+02	0.000000e+00	
6.348014e+02	5.848014e+02	0.000000e+00	
6.375599e+02	5.875599e+02	0.000000e+00	
6.403184e+02	5.903184e+02	0.000000e+00	
6.430769e+02	5.930769e+02	0.000000e+00	
6.458354e+02	5.958354e+02	0.000000e+00	
6.485939e+02	5.985939e+02	0.000000e+00	
6.513524e+02	6.013524e+02	0.000000e+00	
6.541109e+02	6.041109e+02	0.000000e+00	
6.568694e+02	6.068694e+02	0.000000e+00	
6.596279e+02	6.096279e+02	0.000000e+00	
6.623864e+02	6.123864e+02	0.000000e+00	
6.651449e+02	6.151449e+02	0.000000e+00	
6.679034e+02	6.179034e+02	0.000000e+00	
6.706619e+02	6.206619e+02	0.000000e+00	
6.734204e+02	6.234204e+02	0.000000e+00	
6.761789e+02	6.261789e+02	0.000000e+00	
6.789374e+02	6.289374e+02	0.000000e+00	
6.816959e+02	6.316959e+02	0.000000e+00	
6.844544e+02	6.344544e+02	0.000000e+00	
6.872129e+02	6.372129e+02	0.000000e+00	
6.899714e+02	6.399714e+02	0.000000e+00	
6.927299e+02	6.427299e+02	0.000000e+00	
6.954884e+02	6.454884e+02	0.000000e+00	
6.982469e+02	6.482469e+02	0.000000e+00	
7.010054e+02	6.510054e+02	0.000000e+00	
7.037639e+02	6.537639e+02	0.000000e+00	
7.065224e+02	6.565224e+02	0.000000e+00	
7.092809e+02	6.592809e+02	0.000000e+00	
7.120394e+02	6.620394e+02	0.000000e+00	
7.147979e+02	6.647979e+02	0.000000e+00	
7.175564e+02	6.675564e+02	0.000000e+00	
7.203149e+02	6.703149e+02	0.000000e+00	
7.230734e+02	6.730734e+02	0.000000e+00	
7.258319e+02	6.758319e+02	0.000000e+00	
7.285904e+02	6.785904e+02	0.000000e+00	
7.313488e+02	6.813488e+02	0.000000e+00	
7.341073e+02	6.841073e+02	0.000000e+00	
7.368658e+02	6.868658e+02	0.000000e+00	
7.396243e+02	6.896243e+02	0.000000e+00	
7.423828e+02	6.923828e+02	0.000000e+00	
7.451413e+02	6.951413e+02	0.000000e+00	
7.478998e+02	6.978998e+02	0.000000e+00	
7.506583e+02	7.006583e+02	0.000000e+00	
7.534168e+02	7.034168e+02	0.000000e+00	
7.561753e+02	7.061753e+02	0.000000e+00	
7.534168e+02	7.034168e+02	0.000000e+00	
7.506583e+02	7.006583e+02	0.000000e+00	
7.478998e+02	6.978998e+02	0.000000e+00	
7.451413e+02	6.951413e+02	0.000000e+00	
7.423828e+02	6.923828e+02	0.000000e+00	
7.396243e+02	6.896243e+02	0.000000e+00	
7.368658e+02	6.868658e+02	0.000000e+00	
7.341073e+02	6.841073e+02	0.000000e+00	
7.313488e+02	6.813488e+02	0.000000e+00	
7.285904e+02	6.785904e+02	0.000000e+00	
7.258319e+02	6.758319e+02	0.000000e+00	
7.230734e+02	6.730734e+02	0.000000e+00	
7.203149e+02	6.703149e+02	0.000000e+00	
7.175564e+02	6.675564e+02	0.000000e+00	
7.147979e+02	6.647979e+02	0.000000e+00	
7.120394e+02	6.620394e+02	0.000000e+00	
7.092809e+02	6.592809e+02	0.000000e+00	
7.065224e+02	6.565224e+02	0.000000e+00	
7.037639e+02	6.537639e+02	0.000000e+00	
7.010054e+02	6.510054e+02	0.000000e+00	
6.982469e+02	6.482469e+02	0.000000e+00	
6.954884e+02	6.454884e+02	0.000000e+00	
6.927299e+02	6.427299e+02	0.000000e+00	
6.899714e+02	6.399714e+02	0.000000e+00	
6.872129e+02	6.372129e+02	0.000000e+00	
6.844544e+02	6.344544e+02	0.000000e+00	
6.816959e+02	6.316959e+02	0.000000e+00	
6.789374e+02	6.289374e+02	0.000000e+00	
6.761789e+02	6.261789e+02	0.000000e+00	
6.734204e+02	6.234204e+02	0.000000e+00	
6.706619e+02	6.206619e+02	0.000000e+00	
6.679034e+02	6.179034e+02	0.000000e+00	
6.651449e+02	6.151449e+02	0.000000e+00	
6.623864e+02	6.123864e+02	0.000000e+00	
6.596279e+02	6.096279e+02	0.000000e+00	
6.568694e+02	6.068694e+02	0.000000e+00	
6.541109e+02	6.041109e+02	0.000000e+00	
6.513524e+02	6.013524e+02	0.000000e+00	
6.485939e+02	5.985939e+02	0.000000e+00	
6.458354e+02	5.958354e+02	0.000000e+00	
6.430769e+02	5.930769e+02	0.000000e+00	
6.403184e+02	5.903184e+02	0.000000e+00	
6.375599e+02	5.875599e+02	0.000000e+00	
6.348014e+02	5.848014e+02	0.000000e+00	
6.320429e+02	5.820429e+02	0.000000e+00	
6.292844e+02	5.792844e+02	0.000000e+00	
6.265259e+02	5.765259e+02	0.000000e+00	
6.237675e+02	5.737675e+02	0.000000e+00	
6.210090e+02	5.710090e+02	0.000000e+00	
6.182505e+02	5.682505e+02	0.000000e+00	
6.154920e+02	5.654920e+02	0.000000e+00	
6.127335e+02	5.627335e+02	0.000000e+00	
6.099750e+02	5.599750e+02	0.000000e+00	
6.072165e+02	5.572165e+02	0.000000e+00	
6.044580e+02	5.544580e+02	0.000000e+00	
6.016995e+02	5.516995e+02	0.000000e+00	
5.989410e+02	5.489410e+02	0.000000e+00	
5.961825e+02	5.461825e+02	0.000000e+00	
5.934240e+02	5.434240e+02	0.000000e+00	
5.906655e+02	5.406655e+02	0.000000e+00	
5.879070e+02	5.379070e+02	0.000000e+00	
5.851485e+02	5.351485e+02	0.000000e+00	
5.823900e+02	5.323900e+02	0.000000e+00	
5.796315e+02	5.296315e+02	0.000000e+00	
5.768730e+02	5.268730e+02	0.000000e+00	
5.741145e+02	5.241145e+02	0.000000e+00	
5.713560e+02	5.213560e+02	0.000000e+00	
5.685975e+02	5.185975e+02	0.000000e+00	
5.658390e+02	5.158390e+02	0.000000e+00	
5.630805e+02	5.130805e+02	0.000000e+00	
5.603220e+02	5.103220e+02	0.000000e+00	
5.575635e+02	5.075635e+02	0.000000e+00	
5.548050e+02	5.048050e+02	0.000000e+00	
5.520465e+02	5.020465e+02	0.000000e+00	
5.492880e+02	4.992880e+02	0.000000e+00	
5.465295e+02	4.965295e+02	0.000000e+00	
5.437710e+02	4.937710e+02	0.000000e+00	
5.410125e+02	4.910125e+02	0.000000e+00	
5.382540e+02	4.882540e+02	0.000000e+00	
5.354955e+02	4.854955e+02	0.000000e+00	
5.327370e+02	4.827370e+02	0.000000e+00	
5.299785e+02	4.799785e+02	0.000000e+00	
5.272200e+02	4.772200e+02	0.000000e+00	
5.244615e+02	4.744615e+02	0.000000e+00	
5.217030e+02	4.717030e+02	0.000000e+00	
5.189446e+02	4.689446e+02	0.000000e+00	
5.161861e+02	4.661861e+02	0.000000e+00	
5.134276e+02	4.634276e+02	0.000000e+00	
5.106691e+02	4.606691e+02	0.000000e+00	
5.079106e+02	4.579106e+02	0.000000e+00	
5.051521e+02	4.551521e+02	0.000000e+00	
5.023936e+02	4.523936e+02	0.000000e+00	
4.996351e+02	4.496351e+02	0.000000e+00	
4.968766e+02	4.468766e+02	0.000000e+00	
4.941181e+02	4.441181e+02	0.000000e+00	
4.913596e+02	4.413596e+02	0.000000e+00	
4.886011e+02	4.386011e+02	0.000000e+00	
4.858426e+02	4.358426e+02	0.000000e+00	
4.830841e+02	4.330841e+02	0.000000e+00	
4.803256e+02	4.303256e+02	0.000000e+00	
4.775671e+02	4.275671e+02	0.000000e+00	
4.748086e+02	4.248086e+02	0.000000e+00	
4.720501e+02	4.220501e+02	0.000000e+00	
4.692916e+02	4.192916e+02	0.000000e+00	
4.665331e+02	4.165331e+02	0.000000e+00	
4.637746e+02	4.137746e+02	0.000000e+00	
4.610161e+02	4.110161e+02	0.000000e+00	
4.582576e+02	4.082576e+02	0.000000e+00	
4.554991e+02	4.054991e+02	0.000000e+00	
4.527406e+02	4.027406e+02	0.000000e+00	
4.499821e+02	3.999821e+02	0.000000e+00	
4.472236e+02	3.972236e+02	0.000000e+00	
4.444651e+02	3.944651e+02	0.000000e+00	
4.417066e+02	3.917066e+02	0.000000e+00	
4.389481e+02	3.889481e+02	0.000000e+00	
4.361896e+02	3.861896e+02	0.000000e+00	
4.334311e+02	3.834311e+02	0.000000e+00	
4.306726e+02	3.806726e+02	0.000000e+00	
4.279141e+02	3.779141e+02	0.000000e+00	
4.251556e+02	3.751556e+02	0.000000e+00	
4.223971e+02	3.723971e+02	0.000000e+00	
4.196386e+02	3.696386e+02	0.000000e+00	
4.168801e+02	3.668801e+02	0.000000e+00	
4.141217e+02	3.641217e+02	0.000000e+00	
4.113632e+02	3.613632e+02	0.000000e+00	
4.086047e+02	3.586047e+02	0.000000e+00	
4.058462e+02	3.558462e+02	0.000000e+00	
4.030877e+02	3.530877e+02	0.000000e+00	
4.003292e+02	3.503292e+02	0.000000e+00	
3.975707e+02	3.475707e+02	0.000000e+00	
3.948122e+02	3.448122e+02	0.000000e+00	
3.920537e+02	3.420537e+02	0.000000e+00	
3.892952e+02	3.392952e+02	0.000000e+00	
3.865367e+02	3.365367e+02	0.000000e+00	
3.837782e+02	3.337782e+02	0.000000e+00	
3.810197e+02	3.310197e+02	0.000000e+00	
3.782612e+02	3.282612e+02	0.000000e+00	
3.755027e+02	3.255027e+02	0.000000e+00	
3.727442e+02	3.227442e+02	0.000000e+00	
3.699857e+02	3.199857e+02	0.000000e+00	
3.672272e+02	3.172272e+02	0.000000e+00	
3.644687e+02	3.144687e+02	0.000000e+00	
3.617102e+02	3.117102e+02	0.000000e+00	
3.589517e+02	3.089517e+02	0.000000e+00	
3.561932e+02	3.061932e+02	0.000000e+00	
3.534347e+02	3.034347e+02	0.000000e+00	
3.506762e+02	3.006762e+02	0.000000e+00	
3.479177e+02	2.979177e+02	0.000000e+00	
3.451592e+02	2.951592e+02	0.000000e+00	
3.424007e+02	2.924007e+02	0.000000e+00	
3.396422e+02	2.896422e+02	0.000000e+00	
3.368837e+02	2.868837e+02	0.000000e+00	
3.341252e+02	2.841252e+02	0.000000e+00	
3.313667e+02	2.813667e+02	0.000000e+00	
3.286082e+02	2.786082e+02	0.000000e+00	
3.258497e+02	2.758497e+02	0.000000e+00	
3.230912e+02	2.730912e+02	0.000000e+00	
3.203327e+02	2.703327e+02	0.000000e+00	
3.175742e+02	2.675742e+02	0.000000e+00	
3.148157e+02	2.648157e+02	0.000000e+00	
3.120572e+02	2.620572e+02	0.000000e+00	
3.092988e+02	2.592988e+02	0.000000e+00	
3.065403e+02	2.565403e+02	0.000000e+00	
3.037818e+02	2.537818e+02	0.000000e+00	
3.010233e+02	2.510233e+02	0.000000e+00	
2.982648e+02	2.482648e+02	0.000000e+00	
2.955063e+02	2.455063e+02	0.000000e+00	
2.927478e+02	2.427478e+02	0.000000e+00	
2.899893e+02	2.399893e+02	0.000000e+00	
2.872308e+02	2.372308e+02	0.000000e+00	
2.844723e+02	2.344723e+02	0.000000e+00	
2.817138e+02	2.317138e+02	0.000000e+00	
2.789553e+02	2.289553e+02	0.000000e+00	
2.761968e+02	2.261968e+02	0.000000e+00	
2.734383e+02	2.234383e+02	0.000000e+00	
2.706798e+02	2.206798e+02	0.000000e+00	
2.679213e+02	2.179213e+02	0.000000e+00	
2.651628e+02	2.151628e+02	0.000000e+00	
2.624043e+02	2.124043e+02	0.000000e+00	
2.596458e+02	2.096458e+02	0.000000e+00	
2.568873e+02	2.068873e+02	0.000000e+00	
2.541288e+02	2.041288e+02	0.000000e+00	
2.513703e+02	2.013703e+02	0.000000e+00	
2.486118e+02	1.986118e+02	0.000000e+00	
2.458533e+02	1.958533e+02	0.000000e+00	
2.430948e+02	1.930948e+02	0.000000e+00	
2.403363e+02	1.903363e+02	0.000000e+00	
2.375778e+02	1.875778e+02	0.000000e+00	
2.348193e+02	1.848193e+02	0.000000e+00	
2.320608e+02	1.820608e+02	0.000000e+00	
2.293023e+02	1.793023e+02	0.000000e+00	
2.265438e+02	1.765438e+02	0.000000e+00	
2.237853e+02	1.737853e+02	0.000000e+00	
2.210268e+02	1.710268e+02	0.000000e+00	
2.182683e+02	1.682683e+02	0.000000e+00	
2.155098e+02	1.655098e+02	0.000000e+00	
2.127513e+02	1.627513e+02	0.000000e+00	
2.099928e+02	1.599928e+02	0.000000e+00	
2.072343e+02	1.572343e+02	0.000000e+00	
2.044759e+02	1.544759e+02	0.000000e+00	
2.017174e+02	1.517174e+02	0.000000e+00	
1.989589e+02	1.489589e+02	0.000000e+00	
1.962004e+02	1.462004e+02	0.000000e+00	
1.934419e+02	1.434419e+02	0.000000e+00	
1.906834e+02	1.406834e+02	0.000000e+00	
1.879249e+02	1.379249e+02	0.000000e+00	
1.851664e+02	1.351664e+02	0.000000e+00	
1.824079e+02	1.324079e+02	0.000000e+00	
1.796494e+02	1.296494e+02	0.000000e+00	
1.768909e+02	1.268909e+02	0.000000e+00	
1.741324e+02	1.241324e+02	0.000000e+00	
1.713739e+02	1.213739e+02	0.000000e+00	
1.686154e+02	1.186154e+02	0.000000e+00	
1.658569e+02	1.158569e+02	0.000000e+00	
1.630984e+02	1.130984e+02	0.000000e+00	
1.603399e+02	1.103399e+02	0.000000e+00	
1.575814e+02	1.075814e+02	0.000000e+00	
1.548229e+02	1.048229e+02	0.000000e+00	
1.520644e+02	1.020644e+02	0.000000e+00	
1.493059e+02	9.930590e+01	0.000000e+00	
1.465474e+02	9.654741e+01	0.000000e+00	
1.437889e+02	9.378891e+01	0.000000e+00	
1.410304e+02	9.103041e+01	0.000000e+00	
1.382719e+02	8.827192e+01	0.000000e+00	
1.355134e+02	8.551342e+01	0.000000e+00	
1.327549e+02	8.275492e+01	0.000000e+00	
1.299964e+02	7.999642e+01	0.000000e+00	
1.272379e+02	7.723793e+01	0.000000e+00	
1.244794e+02	7.447943e+01	0.000000e+00	
1.217209e+02	7.172093e+01	0.000000e+00	
1.189624e+02	6.896243e+01	0.000000e+00	
1.162039e+02	6.620394e+01	0.000000e+00	
1.134454e+02	6.344544e+01	0.000000e+00	
1.106869e+02	6.068694e+01	0.000000e+00	
1.079284e+02	5.792844e+01	0.000000e+00	
1.051699e+02	5.516995e+01	0.000000e+00	
1.024114e+02	5.241145e+01	0.000000e+00	
9.965295e+01	4.965295e+01	0.000000e+00	
9.689446e+01	4.689446e+01	0.000000e+00	
9.413596e+01	4.413596e+01	0.000000e+00	
9.137746e+01	4.137746e+01	0.000000e+00	
8.861896e+01	3.861896e+01	0.000000e+00	
8.586047e+01	3.586047e+01	0.000000e+00	
8.310197e+01	3.310197e+01	0.000000e+00	
8.034347e+01	3.034347e+01	0.000000e+00	
7.758497e+01	2.758497e+01	0.000000e+00	
7.482648e+01	2.482648e+01	0.000000e+00	
7.206798e+01	2.206798e+01	0.000000e+00	
6.930948e+01	1.930948e+01	0.000000e+00	
6.655098e+01	1.655098e+01	0.000000e+00	
6.379249e+01	1.379249e+01	0.000000e+00	
6.103399e+01	1.103399e+01	0.000000e+00	
5.827549e+01	8.275492e+00	0.000000e+00	
5.551699e+01	5.516995e+00	0.000000e+00	
5.275850e+01	2.758497e+00	0.000000e+00	
