N_x = 1024
type_profil = H_X
profil = 
5.000000e-01	
5.030679e-01	
5.061358e-01	
5.092034e-01	
5.122706e-01	
5.153374e-01	
5.184036e-01	
5.214691e-01	
5.245338e-01	
5.275976e-01	
5.306604e-01	
5.337220e-01	
5.367823e-01	
5.398412e-01	
5.428987e-01	
5.459545e-01	
5.490086e-01	
5.520608e-01	
5.551111e-01	
5.581593e-01	
5.612053e-01	
5.642491e-01	
5.672904e-01	
5.703291e-01	
5.733652e-01	
5.763986e-01	
5.794291e-01	
5.824566e-01	
5.854809e-01	
5.885021e-01	
5.915199e-01	
5.945343e-01	
5.975452e-01	
6.005523e-01	
6.035557e-01	
6.065552e-01	
6.095506e-01	
6.125420e-01	
6.155291e-01	
6.185118e-01	
6.214901e-01	
6.244638e-01	
6.274328e-01	
6.303971e-01	
6.333564e-01	
6.363107e-01	
6.392598e-01	
6.422038e-01	
6.451423e-01	
6.480754e-01	
6.510030e-01	
6.539248e-01	
6.568409e-01	
6.597510e-01	
6.626551e-01	
6.655532e-01	
6.684449e-01	
6.713304e-01	
6.742093e-01	
6.770818e-01	
6.799475e-01	
6.828065e-01	
6.856586e-01	
6.885037e-01	
6.913417e-01	
6.941725e-01	
6.969960e-01	
6.998121e-01	
7.026207e-01	
7.054216e-01	
7.082148e-01	
7.110001e-01	
7.137775e-01	
7.165469e-01	
7.193081e-01	
7.220611e-01	
7.248057e-01	
7.275418e-01	
7.302694e-01	
7.329882e-01	
7.356984e-01	
7.383996e-01	
7.410919e-01	
7.437751e-01	
7.464491e-01	
7.491138e-01	
7.517692e-01	
7.544151e-01	
7.570514e-01	
7.596780e-01	
7.622948e-01	
7.649018e-01	
7.674988e-01	
7.700857e-01	
7.726625e-01	
7.752290e-01	
7.777851e-01	
7.803308e-01	
7.828659e-01	
7.853904e-01	
7.879041e-01	
7.904070e-01	
7.928989e-01	
7.953799e-01	
7.978497e-01	
8.003082e-01	
8.027555e-01	
8.051914e-01	
8.076158e-01	
8.100286e-01	
8.124297e-01	
8.148191e-01	
8.171966e-01	
8.195622e-01	
8.219158e-01	
8.242572e-01	
8.265864e-01	
8.289033e-01	
8.312079e-01	
8.335000e-01	
8.357795e-01	
8.380464e-01	
8.403005e-01	
8.425418e-01	
8.447703e-01	
8.469857e-01	
8.491881e-01	
8.513774e-01	
8.535534e-01	
8.557161e-01	
8.578654e-01	
8.600013e-01	
8.621235e-01	
8.642322e-01	
8.663271e-01	
8.684083e-01	
8.704756e-01	
8.725289e-01	
8.745682e-01	
8.765934e-01	
8.786044e-01	
8.806012e-01	
8.825836e-01	
8.845517e-01	
8.865052e-01	
8.884442e-01	
8.903686e-01	
8.922783e-01	
8.941732e-01	
8.960533e-01	
8.979185e-01	
8.997686e-01	
9.016038e-01	
9.034238e-01	
9.052286e-01	
9.070182e-01	
9.087924e-01	
9.105513e-01	
9.122947e-01	
9.140225e-01	
9.157348e-01	
9.174314e-01	
9.191124e-01	
9.207775e-01	
9.224268e-01	
9.240602e-01	
9.256776e-01	
9.272790e-01	
9.288643e-01	
9.304335e-01	
9.319864e-01	
9.335231e-01	
9.350435e-01	
9.365475e-01	
9.380350e-01	
9.395061e-01	
9.409606e-01	
9.423985e-01	
9.438198e-01	
9.452244e-01	
9.466122e-01	
9.479831e-01	
9.493372e-01	
9.506744e-01	
9.519946e-01	
9.532979e-01	
9.545840e-01	
9.558530e-01	
9.571049e-01	
9.583395e-01	
9.595569e-01	
9.607570e-01	
9.619398e-01	
9.631051e-01	
9.642530e-01	
9.653835e-01	
9.664964e-01	
9.675918e-01	
9.686695e-01	
9.697296e-01	
9.707720e-01	
9.717967e-01	
9.728037e-01	
9.737928e-01	
9.747641e-01	
9.757175e-01	
9.766530e-01	
9.775706e-01	
9.784702e-01	
9.793517e-01	
9.802153e-01	
9.810607e-01	
9.818880e-01	
9.826972e-01	
9.834882e-01	
9.842610e-01	
9.850156e-01	
9.857519e-01	
9.864700e-01	
9.871697e-01	
9.878511e-01	
9.885141e-01	
9.891587e-01	
9.897849e-01	
9.903926e-01	
9.909819e-01	
9.915527e-01	
9.921050e-01	
9.926388e-01	
9.931540e-01	
9.936507e-01	
9.941288e-01	
9.945883e-01	
9.950291e-01	
9.954513e-01	
9.958549e-01	
9.962398e-01	
9.966060e-01	
9.969535e-01	
9.972823e-01	
9.975924e-01	
9.978837e-01	
9.981563e-01	
9.984101e-01	
9.986452e-01	
9.988615e-01	
9.990591e-01	
9.992378e-01	
9.993977e-01	
9.995389e-01	
9.996612e-01	
9.997647e-01	
9.998494e-01	
9.999153e-01	
9.999624e-01	
9.999906e-01	
1.000000e+00	
9.999906e-01	
9.999624e-01	
9.999153e-01	
9.998494e-01	
9.997647e-01	
9.996612e-01	
9.995389e-01	
9.993977e-01	
9.992378e-01	
9.990591e-01	
9.988615e-01	
9.986452e-01	
9.984101e-01	
9.981563e-01	
9.978837e-01	
9.975924e-01	
9.972823e-01	
9.969535e-01	
9.966060e-01	
9.962398e-01	
9.958549e-01	
9.954513e-01	
9.950291e-01	
9.945883e-01	
9.941288e-01	
9.936507e-01	
9.931540e-01	
9.926388e-01	
9.921050e-01	
9.915527e-01	
9.909819e-01	
9.903926e-01	
9.897849e-01	
9.891587e-01	
9.885141e-01	
9.878511e-01	
9.871697e-01	
9.864700e-01	
9.857519e-01	
9.850156e-01	
9.842610e-01	
9.834882e-01	
9.826972e-01	
9.818880e-01	
9.810607e-01	
9.802153e-01	
9.793517e-01	
9.784702e-01	
9.775706e-01	
9.766530e-01	
9.757175e-01	
9.747641e-01	
9.737928e-01	
9.728037e-01	
9.717967e-01	
9.707720e-01	
9.697296e-01	
9.686695e-01	
9.675918e-01	
9.664964e-01	
9.653835e-01	
9.642530e-01	
9.631051e-01	
9.619398e-01	
9.607570e-01	
9.595569e-01	
9.583395e-01	
9.571049e-01	
9.558530e-01	
9.545840e-01	
9.532979e-01	
9.519946e-01	
9.506744e-01	
9.493372e-01	
9.479831e-01	
9.466122e-01	
9.452244e-01	
9.438198e-01	
9.423985e-01	
9.409606e-01	
9.395061e-01	
9.380350e-01	
9.365475e-01	
9.350435e-01	
9.335231e-01	
9.319864e-01	
9.304335e-01	
9.288643e-01	
9.272790e-01	
9.256776e-01	
9.240602e-01	
9.224268e-01	
9.207775e-01	
9.191124e-01	
9.174314e-01	
9.157348e-01	
9.140225e-01	
9.122947e-01	
9.105513e-01	
9.087924e-01	
9.070182e-01	
9.052286e-01	
9.034238e-01	
9.016038e-01	
8.997686e-01	
8.979185e-01	
8.960533e-01	
8.941732e-01	
8.922783e-01	
8.903686e-01	
8.884442e-01	
8.865052e-01	
8.845517e-01	
8.825836e-01	
8.806012e-01	
8.786044e-01	
8.765934e-01	
8.745682e-01	
8.725289e-01	
8.704756e-01	
8.684083e-01	
8.663271e-01	
8.642322e-01	
8.621235e-01	
8.600013e-01	
8.578654e-01	
8.557161e-01	
8.535534e-01	
8.513774e-01	
8.491881e-01	
8.469857e-01	
8.447703e-01	
8.425418e-01	
8.403005e-01	
8.380464e-01	
8.357795e-01	
8.335000e-01	
8.312079e-01	
8.289033e-01	
8.265864e-01	
8.242572e-01	
8.219158e-01	
8.195622e-01	
8.171966e-01	
8.148191e-01	
8.124297e-01	
8.100286e-01	
8.076158e-01	
8.051914e-01	
8.027555e-01	
8.003082e-01	
7.978497e-01	
7.953799e-01	
7.928989e-01	
7.904070e-01	
7.879041e-01	
7.853904e-01	
7.828659e-01	
7.803308e-01	
7.777851e-01	
7.752290e-01	
7.726625e-01	
7.700857e-01	
7.674988e-01	
7.649018e-01	
7.622948e-01	
7.596780e-01	
7.570514e-01	
7.544151e-01	
7.517692e-01	
7.491138e-01	
7.464491e-01	
7.437751e-01	
7.410919e-01	
7.383996e-01	
7.356984e-01	
7.329882e-01	
7.302694e-01	
7.275418e-01	
7.248057e-01	
7.220611e-01	
7.193081e-01	
7.165469e-01	
7.137775e-01	
7.110001e-01	
7.082148e-01	
7.054216e-01	
7.026207e-01	
6.998121e-01	
6.969960e-01	
6.941725e-01	
6.913417e-01	
6.885037e-01	
6.856586e-01	
6.828065e-01	
6.799475e-01	
6.770818e-01	
6.742093e-01	
6.713304e-01	
6.684449e-01	
6.655532e-01	
6.626551e-01	
6.597510e-01	
6.568409e-01	
6.539248e-01	
6.510030e-01	
6.480754e-01	
6.451423e-01	
6.422038e-01	
6.392598e-01	
6.363107e-01	
6.333564e-01	
6.303971e-01	
6.274328e-01	
6.244638e-01	
6.214901e-01	
6.185118e-01	
6.155291e-01	
6.125420e-01	
6.095506e-01	
6.065552e-01	
6.035557e-01	
6.005523e-01	
5.975452e-01	
5.945343e-01	
5.915199e-01	
5.885021e-01	
5.854809e-01	
5.824566e-01	
5.794291e-01	
5.763986e-01	
5.733652e-01	
5.703291e-01	
5.672904e-01	
5.642491e-01	
5.612053e-01	
5.581593e-01	
5.551111e-01	
5.520608e-01	
5.490086e-01	
5.459545e-01	
5.428987e-01	
5.398412e-01	
5.367823e-01	
5.337220e-01	
5.306604e-01	
5.275976e-01	
5.245338e-01	
5.214691e-01	
5.184036e-01	
5.153374e-01	
5.122706e-01	
5.092034e-01	
5.061358e-01	
5.030679e-01	
5.000000e-01	
4.969321e-01	
4.938642e-01	
4.907966e-01	
4.877294e-01	
4.846626e-01	
4.815964e-01	
4.785309e-01	
4.754662e-01	
4.724024e-01	
4.693396e-01	
4.662780e-01	
4.632177e-01	
4.601588e-01	
4.571013e-01	
4.540455e-01	
4.509914e-01	
4.479392e-01	
4.448889e-01	
4.418407e-01	
4.387947e-01	
4.357509e-01	
4.327096e-01	
4.296709e-01	
4.266348e-01	
4.236014e-01	
4.205709e-01	
4.175434e-01	
4.145191e-01	
4.114979e-01	
4.084801e-01	
4.054657e-01	
4.024548e-01	
3.994477e-01	
3.964443e-01	
3.934448e-01	
3.904494e-01	
3.874580e-01	
3.844709e-01	
3.814882e-01	
3.785099e-01	
3.755362e-01	
3.725672e-01	
3.696029e-01	
3.666436e-01	
3.636893e-01	
3.607402e-01	
3.577962e-01	
3.548577e-01	
3.519246e-01	
3.489970e-01	
3.460752e-01	
3.431591e-01	
3.402490e-01	
3.373449e-01	
3.344468e-01	
3.315551e-01	
3.286696e-01	
3.257907e-01	
3.229182e-01	
3.200525e-01	
3.171935e-01	
3.143414e-01	
3.114963e-01	
3.086583e-01	
3.058275e-01	
3.030040e-01	
3.001879e-01	
2.973793e-01	
2.945784e-01	
2.917852e-01	
2.889999e-01	
2.862225e-01	
2.834531e-01	
2.806919e-01	
2.779389e-01	
2.751943e-01	
2.724582e-01	
2.697306e-01	
2.670118e-01	
2.643016e-01	
2.616004e-01	
2.589081e-01	
2.562249e-01	
2.535509e-01	
2.508862e-01	
2.482308e-01	
2.455849e-01	
2.429486e-01	
2.403220e-01	
2.377052e-01	
2.350982e-01	
2.325012e-01	
2.299143e-01	
2.273375e-01	
2.247710e-01	
2.222149e-01	
2.196692e-01	
2.171341e-01	
2.146096e-01	
2.120959e-01	
2.095930e-01	
2.071011e-01	
2.046201e-01	
2.021503e-01	
1.996918e-01	
1.972445e-01	
1.948086e-01	
1.923842e-01	
1.899714e-01	
1.875703e-01	
1.851809e-01	
1.828034e-01	
1.804378e-01	
1.780842e-01	
1.757428e-01	
1.734136e-01	
1.710967e-01	
1.687921e-01	
1.665000e-01	
1.642205e-01	
1.619536e-01	
1.596995e-01	
1.574582e-01	
1.552297e-01	
1.530143e-01	
1.508119e-01	
1.486226e-01	
1.464466e-01	
1.442839e-01	
1.421346e-01	
1.399987e-01	
1.378765e-01	
1.357678e-01	
1.336729e-01	
1.315917e-01	
1.295244e-01	
1.274711e-01	
1.254318e-01	
1.234066e-01	
1.213956e-01	
1.193988e-01	
1.174164e-01	
1.154483e-01	
1.134948e-01	
1.115558e-01	
1.096314e-01	
1.077217e-01	
1.058268e-01	
1.039467e-01	
1.020815e-01	
1.002314e-01	
9.839623e-02	
9.657622e-02	
9.477140e-02	
9.298184e-02	
9.120759e-02	
8.944874e-02	
8.770535e-02	
8.597748e-02	
8.426519e-02	
8.256856e-02	
8.088765e-02	
7.922251e-02	
7.757322e-02	
7.593983e-02	
7.432240e-02	
7.272101e-02	
7.113569e-02	
6.956653e-02	
6.801357e-02	
6.647688e-02	
6.495650e-02	
6.345251e-02	
6.196495e-02	
6.049389e-02	
5.903937e-02	
5.760145e-02	
5.618019e-02	
5.477564e-02	
5.338785e-02	
5.201688e-02	
5.066277e-02	
4.932558e-02	
4.800535e-02	
4.670215e-02	
4.541601e-02	
4.414698e-02	
4.289512e-02	
4.166047e-02	
4.044307e-02	
3.924298e-02	
3.806023e-02	
3.689488e-02	
3.574696e-02	
3.461652e-02	
3.350360e-02	
3.240825e-02	
3.133049e-02	
3.027039e-02	
2.922797e-02	
2.820327e-02	
2.719634e-02	
2.620720e-02	
2.523591e-02	
2.428249e-02	
2.334698e-02	
2.242942e-02	
2.152983e-02	
2.064826e-02	
1.978474e-02	
1.893930e-02	
1.811197e-02	
1.730278e-02	
1.651176e-02	
1.573895e-02	
1.498437e-02	
1.424805e-02	
1.353002e-02	
1.283031e-02	
1.214893e-02	
1.148593e-02	
1.084131e-02	
1.021512e-02	
9.607360e-03	
9.018065e-03	
8.447256e-03	
7.894954e-03	
7.361179e-03	
6.845951e-03	
6.349291e-03	
5.871216e-03	
5.411745e-03	
4.970895e-03	
4.548682e-03	
4.145123e-03	
3.760233e-03	
3.394025e-03	
3.046515e-03	
2.717715e-03	
2.407637e-03	
2.116293e-03	
1.843694e-03	
1.589850e-03	
1.354772e-03	
1.138467e-03	
9.409435e-04	
7.622097e-04	
6.022719e-04	
4.611361e-04	
3.388077e-04	
2.352912e-04	
1.505907e-04	
8.470910e-05	
3.764908e-05	
9.412359e-06	
0.000000e+00	
9.412359e-06	
3.764908e-05	
8.470910e-05	
1.505907e-04	
2.352912e-04	
3.388077e-04	
4.611361e-04	
6.022719e-04	
7.622097e-04	
9.409435e-04	
1.138467e-03	
1.354772e-03	
1.589850e-03	
1.843694e-03	
2.116293e-03	
2.407637e-03	
2.717715e-03	
3.046515e-03	
3.394025e-03	
3.760233e-03	
4.145123e-03	
4.548682e-03	
4.970895e-03	
5.411745e-03	
5.871216e-03	
6.349291e-03	
6.845951e-03	
7.361179e-03	
7.894954e-03	
8.447256e-03	
9.018065e-03	
9.607360e-03	
1.021512e-02	
1.084131e-02	
1.148593e-02	
1.214893e-02	
1.283031e-02	
1.353002e-02	
1.424805e-02	
1.498437e-02	
1.573895e-02	
1.651176e-02	
1.730278e-02	
1.811197e-02	
1.893930e-02	
1.978474e-02	
2.064826e-02	
2.152983e-02	
2.242942e-02	
2.334698e-02	
2.428249e-02	
2.523591e-02	
2.620720e-02	
2.719634e-02	
2.820327e-02	
2.922797e-02	
3.027039e-02	
3.133049e-02	
3.240825e-02	
3.350360e-02	
3.461652e-02	
3.574696e-02	
3.689488e-02	
3.806023e-02	
3.924298e-02	
4.044307e-02	
4.166047e-02	
4.289512e-02	
4.414698e-02	
4.541601e-02	
4.670215e-02	
4.800535e-02	
4.932558e-02	
5.066277e-02	
5.201688e-02	
5.338785e-02	
5.477564e-02	
5.618019e-02	
5.760145e-02	
5.903937e-02	
6.049389e-02	
6.196495e-02	
6.345251e-02	
6.495650e-02	
6.647688e-02	
6.801357e-02	
6.956653e-02	
7.113569e-02	
7.272101e-02	
7.432240e-02	
7.593983e-02	
7.757322e-02	
7.922251e-02	
8.088765e-02	
8.256856e-02	
8.426519e-02	
8.597748e-02	
8.770535e-02	
8.944874e-02	
9.120759e-02	
9.298184e-02	
9.477140e-02	
9.657622e-02	
9.839623e-02	
1.002314e-01	
1.020815e-01	
1.039467e-01	
1.058268e-01	
1.077217e-01	
1.096314e-01	
1.115558e-01	
1.134948e-01	
1.154483e-01	
1.174164e-01	
1.193988e-01	
1.213956e-01	
1.234066e-01	
1.254318e-01	
1.274711e-01	
1.295244e-01	
1.315917e-01	
1.336729e-01	
1.357678e-01	
1.378765e-01	
1.399987e-01	
1.421346e-01	
1.442839e-01	
1.464466e-01	
1.486226e-01	
1.508119e-01	
1.530143e-01	
1.552297e-01	
1.574582e-01	
1.596995e-01	
1.619536e-01	
1.642205e-01	
1.665000e-01	
1.687921e-01	
1.710967e-01	
1.734136e-01	
1.757428e-01	
1.780842e-01	
1.804378e-01	
1.828034e-01	
1.851809e-01	
1.875703e-01	
1.899714e-01	
1.923842e-01	
1.948086e-01	
1.972445e-01	
1.996918e-01	
2.021503e-01	
2.046201e-01	
2.071011e-01	
2.095930e-01	
2.120959e-01	
2.146096e-01	
2.171341e-01	
2.196692e-01	
2.222149e-01	
2.247710e-01	
2.273375e-01	
2.299143e-01	
2.325012e-01	
2.350982e-01	
2.377052e-01	
2.403220e-01	
2.429486e-01	
2.455849e-01	
2.482308e-01	
2.508862e-01	
2.535509e-01	
2.562249e-01	
2.589081e-01	
2.616004e-01	
2.643016e-01	
2.670118e-01	
2.697306e-01	
2.724582e-01	
2.751943e-01	
2.779389e-01	
2.806919e-01	
2.834531e-01	
2.862225e-01	
2.889999e-01	
2.917852e-01	
2.945784e-01	
2.973793e-01	
3.001879e-01	
3.030040e-01	
3.058275e-01	
3.086583e-01	
3.114963e-01	
3.143414e-01	
3.171935e-01	
3.200525e-01	
3.229182e-01	
3.257907e-01	
3.286696e-01	
3.315551e-01	
3.344468e-01	
3.373449e-01	
3.402490e-01	
3.431591e-01	
3.460752e-01	
3.489970e-01	
3.519246e-01	
3.548577e-01	
3.577962e-01	
3.607402e-01	
3.636893e-01	
3.666436e-01	
3.696029e-01	
3.725672e-01	
3.755362e-01	
3.785099e-01	
3.814882e-01	
3.844709e-01	
3.874580e-01	
3.904494e-01	
3.934448e-01	
3.964443e-01	
3.994477e-01	
4.024548e-01	
4.054657e-01	
4.084801e-01	
4.114979e-01	
4.145191e-01	
4.175434e-01	
4.205709e-01	
4.236014e-01	
4.266348e-01	
4.296709e-01	
4.327096e-01	
4.357509e-01	
4.387947e-01	
4.418407e-01	
4.448889e-01	
4.479392e-01	
4.509914e-01	
4.540455e-01	
4.571013e-01	
4.601588e-01	
4.632177e-01	
4.662780e-01	
4.693396e-01	
4.724024e-01	
4.754662e-01	
4.785309e-01	
4.815964e-01	
4.846626e-01	
4.877294e-01	
4.907966e-01	
4.938642e-01	
4.969321e-01	
